"Населено място","Търговски обект","Наименование на продукта","Код на продукта","Категория","Цена на дребно","Цена в промоция"
"87374","АФИА ТЪРГОВСКА","ГЕЛОМИРТОЛ ФОРТЕ КАПС.300МГ Х 20","1336","99","8.64",""
"87374","АФИА ТЪРГОВСКА","АЦЦ 200 ПРАХЧЕТА 200МГ Х 20","1338","99","6.97",""
"87374","АФИА ТЪРГОВСКА","АЦЕТИЗАЛ  ТАБЛ. 500МГ Х 20 АК","1747","96","1.40",""
"87374","АФИА ТЪРГОВСКА","АЛКА-ЗЕЛЦЕР ЕФ.ТАБЛ. 324МГ Х 10","1750","96","3.02",""
"87374","АФИА ТЪРГОВСКА","БЕНАЛГИН ТАБЛ. Х 20","1767","96","2.86",""
"87374","АФИА ТЪРГОВСКА","АЛЕРГОЗАН ДРАЖ. 25МГ Х 20","1896","91","3.71",""
"87374","АФИА ТЪРГОВСКА","АЛМАГЕЛ СУСП. 170МЛ","2036","86","2.55",""
"87374","АФИА ТЪРГОВСКА","БИЗАКОДИЛ СУПОЗ. 10МГ Х 6","2041","88","3.15",""
"87374","АФИА ТЪРГОВСКА","БИЗАЛАКС ТАБЛ. 5 МГ Х 30","2043","88","2.44",""
"87374","АФИА ТЪРГОВСКА","ФЕНОЛАКС ДРАЖ. 5МГ Х 30","2069","88","1.72",""
"87374","АФИА ТЪРГОВСКА","ИМОДИУМ КАПС. 2МГ Х 6","2078","89","3.51",""
"87374","АФИА ТЪРГОВСКА","СПАЗМАЛГОН ТАБЛ. Х 20","2096","87","3.82","3.63"
"87374","АФИА ТЪРГОВСКА","ТАЛЦИД ТАБЛ. 500МГ Х 20","2099","86","4.19",""
"87374","АФИА ТЪРГОВСКА","ОТИПАКС СОЛ. 15МЛ","2273","101","3.98",""
"87374","АФИА ТЪРГОВСКА","ИБУТОП ГЕЛ 50ГР","2322","94","5.56",""
"87374","АФИА ТЪРГОВСКА","РЕПАРИЛ ГЕЛ N 40Г","2341","95","6.12",""
"87374","АФИА ТЪРГОВСКА","ВОЛТАРЕН ЕМУЛГЕЛ 1,16% 50ГР","2348","95","6.32","4.99"
"87374","АФИА ТЪРГОВСКА","АЛЕРГОЗАН КРЕМ 18Г","2359","91","4.03",""
"87374","АФИА ТЪРГОВСКА","АЛЕРГОЗАН УНГВ. 18Г","2360","91","4.02",""
"87374","АФИА ТЪРГОВСКА","ЕКЗОДЕРИЛ 1%  КРЕМ 15ГР","2409","90","6.08",""
"87374","АФИА ТЪРГОВСКА","ЕКЗОДЕРИЛ 1%  СОЛ. 10МЛ","2410","90","7.51",""
"87374","АФИА ТЪРГОВСКА","ЙОДАСЕПТ УНГВ. 90Г","2430","92","4.60",""
"87374","АФИА ТЪРГОВСКА","ЧАЙ САНИЕ СВЕТЛОЗЕЛЕН ФИЛТЪР Х 30TNT21","3089","72","3.54",""
"87374","АФИА ТЪРГОВСКА","ЧАЙ УСПОКОИТЕЛЕН ФИЛТЪР 1,5ГР Х 20 ЕВЕЛИН","3090","72","2.25",""
"87374","АФИА ТЪРГОВСКА","ЧАЙ БЕБЕЗАН ФИЛТЪР 1,5ГР Х 20 ЕВЕЛИН","3098","72","2.27",""
"87374","АФИА ТЪРГОВСКА","ЧАЙ БРОНХОЛИН ФИЛТЪР Х 20 ЕВЕЛИН","3100","72","2.20",""
"87374","АФИА ТЪРГОВСКА","АДАПТ. МЛЯКО ФРИЗОВОМ 400ГР","3115","65","12.37",""
"87374","АФИА ТЪРГОВСКА","АДАПТ. МЛЯКО ФРИЗОЛАК 1 400ГР + ЛЪЖИЧКА","3118","65","9.28",""
"87374","АФИА ТЪРГОВСКА","ЛАКАЛУТ ПЗ. АКТИВ 75мл","3429","81","3.87","2.90"
"87374","АФИА ТЪРГОВСКА","АКВАФРЕШ паста за зъби детска 3-5 години little teeth","3433","81","3.52",""
"87374","АФИА ТЪРГОВСКА","АДАПТ. МЛЯКО НАН НА 400Г 0-12 МЕСЕЦА","3638","65","13.29",""
"87374","АФИА ТЪРГОВСКА","АКВАФРЕШ паста за зъби fresh&minty125ml синя","3930","81","2.69",""
"87374","АФИА ТЪРГОВСКА","АНАЛГИН ТАБЛ. 500МГ 2 Х 10 СФ","4202","96","1.67",""
"87374","АФИА ТЪРГОВСКА","ПАРОДОНТАКС паста за зъби F 75МЛ","4271","81","5.46",""
"87374","АФИА ТЪРГОВСКА","ТРОМБО ASS 100МГ Х 30 ГЕРОТ","4322","96","1.38",""
"87374","АФИА ТЪРГОВСКА","ДИКЛАК МАКС ГЕЛ 5% 50Г","4407","95","7.15",""
"87374","АФИА ТЪРГОВСКА","ЛОПЕДИУМ КАПС. 2МГ Х 10","4440","89","3.56",""
"87374","АФИА ТЪРГОВСКА","МИРТОЛ КАПС.120МГ Х 20","4966","99","4.80",""
"87374","АФИА ТЪРГОВСКА","ЕЛГИДИУМ ПЗ.АНТИПЛАКА 75ml","5207","81","6.53",""
"87374","АФИА ТЪРГОВСКА","НУРОФЕН ТАБЛ. 200МГ Х 12","5237","94","3.39",""
"87374","АФИА ТЪРГОВСКА","ЕЛГИДИУМ ПЗ.ИЗБЕЛВАЩА 75ml","5605","81","7.21",""
"87374","АФИА ТЪРГОВСКА","ДАВ сапун exfoliating 100g","5666","83","1.31",""
"87374","АФИА ТЪРГОВСКА","НУРОФЕН СУСП. 100МГ/5МЛ 100МЛ /ПОРТОКАЛ/","5803","94","4.54",""
"87374","АФИА ТЪРГОВСКА","ДАВ сапун original cream bar 100g","5857","83","1.73",""
"87374","АФИА ТЪРГОВСКА","ЕУСЕРИН ph5.5 сапун за чувств.кожа","6078","83","4.08",""
"87374","АФИА ТЪРГОВСКА","КСИЗАЛ ТАБЛ. 5МГ Х 20","6448","100","11.23",""
"87374","АФИА ТЪРГОВСКА","КСИЗАЛ ТАБЛ. 5МГ Х 7","6502","100","4.49",""
"87374","АФИА ТЪРГОВСКА","ПСИЛО-БАЛСАМ ГЕЛ 20ГР","6551","91","5.93",""
"87374","АФИА ТЪРГОВСКА","АСПИРИН ПРОТЕКТ ТАБЛ. 100МГ Х 40","6576","96","3.06",""
"87374","АФИА ТЪРГОВСКА","ПАРОДОНТАКС паста за зъби КЛАСИК /БЕЗ ФЛУОРИД/ 75МЛ","7138","81","5.46",""
"87374","АФИА ТЪРГОВСКА","КАЛМАБЕН ТАБЛ. Х 10","7500","91","3.13",""
"87374","АФИА ТЪРГОВСКА","МУКОНАЗАЛ ПЛЮС СПРЕЙ 10МЛ","7593","97","6.43",""
"87374","АФИА ТЪРГОВСКА","КАЛМАБЕН ТАБЛ. Х 20","7600","91","5.52",""
"87374","АФИА ТЪРГОВСКА","АКВАФРЕШ четка за зъби standart family","8489","80","0.96",""
"87374","АФИА ТЪРГОВСКА","ХЕКСАЛГИН СОЛ.500МГ/МЛ 20МЛ","8491","96","5.31",""
"87374","АФИА ТЪРГОВСКА","КЕТОЗАЛ ШАМПОАН 2% 60МЛ   Х","8533","90","7.11","6.40"
"87374","АФИА ТЪРГОВСКА","НУРОФЕН ФОРТЕ ТАБЛ.400МГ Х 12","8703","94","4.59",""
"87374","АФИА ТЪРГОВСКА","СТРЕПСИЛС ИНТЕНЗИВ ТАБЛ. Х 16","9302","98","5.57",""
"87374","АФИА ТЪРГОВСКА","ДИАЛГИН САШЕТИ 1000МГ Х 20 ХИМАКС","9395","96","7.37",""
"87374","АФИА ТЪРГОВСКА","ЕЛГИДИУМ ЧЗ.КЛИНИК антиплака S","9696","80","5.95",""
"87374","АФИА ТЪРГОВСКА","ДАВ сапун fresh touch 100g","9715","83","1.31",""
"87374","АФИА ТЪРГОВСКА","АДАПТ. МЛЯКО ФРИЗО 3 400Г","9775","65","8.10",""
"87374","АФИА ТЪРГОВСКА","ЧАЙ ЗА ДИАБЕТИЦИ С КАНЕЛА Ф.20 БИОПРОГРАМА","10065","72","1.00",""
"87374","АФИА ТЪРГОВСКА","ДУЛКОЛАКС ПИКО КАПКИ 7,5МГ 15МЛ","10072","88","5.86",""
"87374","АФИА ТЪРГОВСКА","ЛАКАЛУТ ПЗ. ИЗБЕЛВАЩА 75МЛ","10221","81","3.87","2.90"
"87374","АФИА ТЪРГОВСКА","НУРОФЕН СУСП. 100МГ/5МЛ 100МЛ /ЯГОДА/","10248","94","4.54",""
"87374","АФИА ТЪРГОВСКА","БОЧКО САПУН СМРАДЛИКА 75ГР.","10384","83","0.99",""
"87374","АФИА ТЪРГОВСКА","ФАМОТИДИН АЛКАЛОИД ТАБЛ. 20МГ Х 20","10842","86","0.97",""
"87374","АФИА ТЪРГОВСКА","ВОЛТАРЕН ЕМУЛГЕЛ 1,16% 100ГР","10916","95","10.16","7.99"
"87374","АФИА ТЪРГОВСКА","ДИАРОСТАД КАПС. x 10","11014","89","3.36",""
"87374","АФИА ТЪРГОВСКА","АКВАФРЕШ четка за зъби DUO clean & flex MEDIUM","11125","80","2.69",""
"87374","АФИА ТЪРГОВСКА","СТОПЕРАН КАПС.2МГ Х 8","11131","89","3.27",""
"87374","АФИА ТЪРГОВСКА","ЧАЙ ПРИ ГРИП И ПРОСТУДА/СТУД И ЗИМА БИПРОГРАМА","11229","72","1.00",""
"87374","АФИА ТЪРГОВСКА","БИОТРЕЙД  АКНЕ АУТ САПУН 100Г","12382","83","6.12",""
"87374","АФИА ТЪРГОВСКА","БЕНАЛГИН ТАБЛ. Х 10","12604","96","1.70",""
"87374","АФИА ТЪРГОВСКА","ДЕРМОДРИН МАЗ 30ГР","12712","91","3.98",""
"87374","АФИА ТЪРГОВСКА","НИЯ САПУН КАТРАНЕН 60ГР","12713","83","0.69",""
"87374","АФИА ТЪРГОВСКА","НИЯ САПУН СЕРЕН 60ГР","12714","83","0.69",""
"87374","АФИА ТЪРГОВСКА","КСИЗАЛ СОЛ. 5МГ/МЛ 20МЛ","12842","100","5.50",""
"87374","АФИА ТЪРГОВСКА","НАЗИК НАЗ.СПРЕЙ ЗА ДЕЦА 10МЛ","12996","97","4.74",""
"87374","АФИА ТЪРГОВСКА","ЗЕНАРО ТАБЛ. 5МГ Х 7","13003","100","3.57",""
"87374","АФИА ТЪРГОВСКА","МИГ-400 ТАБЛ. 400МГ Х 10","13010","94","2.54",""
"87374","АФИА ТЪРГОВСКА","ДИКЛАК МАКС ГЕЛ 5% 100Г","13113","95","8.94",""
"87374","АФИА ТЪРГОВСКА","ПАРОДОНТАКС паста за зъби WHITENING 75МЛ","13119","81","5.46",""
"87374","АФИА ТЪРГОВСКА","ПРОАЛГИН ТАБЛ. 500МГ Х 20","13407","96","1.28",""
"87374","АФИА ТЪРГОВСКА","ФЕЛОРАН гел 1% - 60g  Софарма","13428","95","4.29","3.65"
"87374","АФИА ТЪРГОВСКА","НАЗИК НАЗ.СПРЕЙ 10МЛ","13740","97","6.48",""
"87374","АФИА ТЪРГОВСКА","АКВАФРЕШ паста за зъби junior 6+ 50ml","13940","81","3.52",""
"87374","АФИА ТЪРГОВСКА","РУВЕКСИН ТАБЛ. 325МГ Х 100","13945","96","2.96",""
"87374","АФИА ТЪРГОВСКА","АДАПТ. МЛЯКО НАН ОПТИПРО 1 800Г","14239","65","22.85",""
"87374","АФИА ТЪРГОВСКА","ЧАЙ БРОНХО ПАМ С ЕХИНАЦЕЯ /ЗЕЛЕН/ ФИЛТЪР Х 30","14306","72","3.63",""
"87374","АФИА ТЪРГОВСКА","АСТЕРА PARODONT ACTIVE п.за зъби 75мл.","14726","81","3.21",""
"87374","АФИА ТЪРГОВСКА","ПЗ.БИЛКА дент пародонт експерт 75ml","14893","81","2.36",""
"87374","АФИА ТЪРГОВСКА","АНАЛГИН ХИН ТАБЛ. 250МГ Х 10","15006","96","1.89",""
"87374","АФИА ТЪРГОВСКА","ИМОМЕД ТАБЛ. 2МГ Х 10","15176","89","2.68",""
"87374","АФИА ТЪРГОВСКА","СИАФЕН СУСП.100МГ/5МЛ 120МЛ","15215","94","3.61",""
"87374","АФИА ТЪРГОВСКА","ДИКЛАК ГЕЛ 1% 50Г","15243","95","6.13",""
"87374","АФИА ТЪРГОВСКА","ЛАКАЛУТ ЧЗ. АКТИВ","15427","80","3.87","2.90"
"87374","АФИА ТЪРГОВСКА","КАФЕТИН МЕНСТРУАЛ ТАБЛ. 200МГ  Х 10","15432","94","3.26",""
"87374","АФИА ТЪРГОВСКА","НУРОФЕН ЕКСПРЕС КАПС. 200МГ Х 10","15451","94","4.59",""
"87374","АФИА ТЪРГОВСКА","ДАВ сапун men fresh 100g","15469","83","1.31",""
"87374","АФИА ТЪРГОВСКА","АЦЕТИЗАЛ КАРДИО ТАБЛ. 100МГ Х 30","15483","96","1.99",""
"87374","АФИА ТЪРГОВСКА","ЕЛГИДИУМ ПЗ. brilliance /за интенз.избелване/","15549","81","8.48",""
"87374","АФИА ТЪРГОВСКА","ЕЛГИДИУМ ПЗ.ДЕТСКА bubbles 7-12г 50ml","15613","81","5.09",""
"87374","АФИА ТЪРГОВСКА","ЕЛГИДИУМ ПЗ.ДЕТСКА г.плодове 50ml","15614","81","5.09",""
"87374","АФИА ТЪРГОВСКА","НИЯ САПУН С ХУМА 60ГР","15629","83","0.69",""
"87374","АФИА ТЪРГОВСКА","НУРОФЕН ТАБЛ. 200МГ Х 24","15634","94","5.78",""
"87374","АФИА ТЪРГОВСКА","ЙОДАСЕПТ УНГВ. 40Г","15692","92","3.05",""
"87374","АФИА ТЪРГОВСКА","ЧАЙ ФИТОЛЕК ГИНКО Х20","15693","72","2.00",""
"87374","АФИА ТЪРГОВСКА","ЧАЙ ФИТОЛЕК ЕЛЕГАНС Х20","15695","72","2.00",""
"87374","АФИА ТЪРГОВСКА","ЧАЙ ФИТОЛЕК ИМУНО Х20","15696","72","2.00",""
"87374","АФИА ТЪРГОВСКА","ЧАЙ ФИТОЛЕК КАРДИО Х20","15697","72","2.00",""
"87374","АФИА ТЪРГОВСКА","ЧАЙ ФИТОЛЕК ПРОСТАТА Х 20","15699","72","2.00",""
"87374","АФИА ТЪРГОВСКА","ЧАЙ ФИТОЛЕК РЕЛАКС Х 20","15700","72","2.00",""
"87374","АФИА ТЪРГОВСКА","ЧАЙ ФИТОЛЕК СЛАБИТЕЛЕН Х 20","15701","72","2.00",""
"87374","АФИА ТЪРГОВСКА","ЧАЙ ФИТОЛЕК УРО Х20","15702","72","2.00",""
"87374","АФИА ТЪРГОВСКА","ЧАЙ ФИТОЛЕК ФАРИНГО Х 20","15703","72","2.00",""
"87374","АФИА ТЪРГОВСКА","ДУЛКОЛАКС ТАБЛ. 5МГ Х 30","15745","88","5.86",""
"87374","АФИА ТЪРГОВСКА","ЧАЙ МЕЧО ГРОЗДЕ ФИЛТЪР Х 20 БИОПРОГРАМА","15811","72","1.00",""
"87374","АФИА ТЪРГОВСКА","ДИАЛГИН ДЖУНИЪР САШЕ 250МГ Х 5 ХИМАКС","16102","96","1.89",""
"87374","АФИА ТЪРГОВСКА","ГЛИМБАКС ОРАЛ 200МЛ","16307","95","9.36",""
"87374","АФИА ТЪРГОВСКА","ДАВ сапун supreme creme oil  100г","16326","83","1.31",""
"87374","АФИА ТЪРГОВСКА","АЦЕТИЗАЛ КАРДИО ТАБЛ. 100МГ Х 100","16331","96","5.99",""
"87374","АФИА ТЪРГОВСКА","СЕНСОДИН паста за зъби REPAIR 75ml","16533","81","7.76",""
"87374","АФИА ТЪРГОВСКА","МИГ ЗА ДЕЦА СИРОП 20МГ/МЛ 100МЛ","16551","94","3.76",""
"87374","АФИА ТЪРГОВСКА","АЦЕТИЗАЛ КАРДИО ТАБЛ. 75МГ Х 100","16734","96","4.73",""
"87374","АФИА ТЪРГОВСКА","БОЧКО САПУН ЛАЙКА 75ГР","16793","83","0.99",""
"87374","АФИА ТЪРГОВСКА","АПИРИ ТАБЛ. 100МГ Х 30","16840","96","1.93",""
"87374","АФИА ТЪРГОВСКА","ЕЛГИДИУМ ПЗ.СЕНЗИТИВ 75ml","16988","81","6.63",""
"87374","АФИА ТЪРГОВСКА","ВОЛТАРЕН ФОРТЕ ГЕЛ 2,32% 50ГР","17051","95","8.96","6.99"
"87374","АФИА ТЪРГОВСКА","ЧАЙ БАБИНИ ЗЪБИ ФИЛТЪР Х 20 БИОПРОГРАМА","17074","72","1.19",""
"87374","АФИА ТЪРГОВСКА","ЛАКАЛУТ ПЗ. УАЙТ И РИПЕЪР 75МЛ","17078","81","4.89","3.67"
"87374","АФИА ТЪРГОВСКА","ДИАЛГИН САШЕТИ 500МГ Х 20 ХИМАКС","17543","96","6.77",""
"87374","АФИА ТЪРГОВСКА","ОТИРЕЛАКС СОЛ. 15МЛ","17705","101","4.06",""
"87374","АФИА ТЪРГОВСКА","АДАПТ. МЛЯКО ФРИЗОЛАК 2  400ГР + ЛЪЖИЧКА","17765","65","9.08",""
"87374","АФИА ТЪРГОВСКА","АКВАФРЕШ паста за зъби fresh&minty  синя 75ml","17840","81","2.03","1.62"
"87374","АФИА ТЪРГОВСКА","ЛАКАЛУТ ПЗ. АКТИВ ХЕРБАЛ 75МЛ","17989","81","3.87","2.90"
"87374","АФИА ТЪРГОВСКА","ПАРОДОНТАКС паста за зъби EXTRA FRESH 75МЛ","18011","81","5.46",""
"87374","АФИА ТЪРГОВСКА","ЕЛГИДИУМ ПЗ.ДЕТСКА свежа ягода 50ml","18223","81","5.09",""
"87374","АФИА ТЪРГОВСКА","ЧАЙ ФИТОЛЕК ГАСТРО Х20","18338","72","2.00",""
"87374","АФИА ТЪРГОВСКА","ЕЛГИДИУМ ПЗ.АНТИКАРИЕС 75ml","18398","81","6.07",""
"87374","АФИА ТЪРГОВСКА","СЕНСОДИН паста за зъби PROTECT&REPAIR WHITENING 75МЛ","18419","81","6.80",""
"87374","АФИА ТЪРГОВСКА","НУРОФЕН ЕКСПРЕС ФОРТЕ КАПС. 400МГ Х 10","18430","94","5.43",""
"87374","АФИА ТЪРГОВСКА","ЧАЙ ВЪЛШЕБНИК филтър х20 БИОПРОГРАМА","18452","72","1.25",""
"87374","АФИА ТЪРГОВСКА","ЧАЙ МАТОЧИНА ФИЛТЪР Х16 БИЛЕК","18583","72","1.56",""
"87374","АФИА ТЪРГОВСКА","ЧАЙ БРОНХОЛЕК ГРЪДЕН Ф.Х 16","18584","72","1.68",""
"87374","АФИА ТЪРГОВСКА","ЛАКТАНА БИО 1 адпт. мляко 600гр.","18647","65","18.52",""
"87374","АФИА ТЪРГОВСКА","АНАЛГИН КАПКИ 500МГ/МЛ 20МЛ СФ","18658","96","3.22",""
"87374","АФИА ТЪРГОВСКА","ЧАЙ ФИТОЛЕК ЛАКТО Х20","18690","72","2.00",""
"87374","АФИА ТЪРГОВСКА","НУРОФЕН ФЕМИНА ФОРТЕ табл.х 12","18693","94","5.43",""
"87374","АФИА ТЪРГОВСКА","ПЗ.БИЛКА дент експерт избелваща 75ml","18765","81","2.51",""
"87374","АФИА ТЪРГОВСКА","ДАВ сапун go fresh restore 100g","18766","83","1.31",""
"87374","АФИА ТЪРГОВСКА","ФЕЛОРАН ФОРТЕ ГЕЛ 5% 40ГР","18775","95","5.50","4.68"
"87374","АФИА ТЪРГОВСКА","БИЗАКОДИЛ СОФАРМА СУПОЗ. 5МГ Х 6","18919","88","2.35",""
"87374","АФИА ТЪРГОВСКА","БИОРИПЕЪР пз night repair 75ml","18969","81","4.55",""
"87374","АФИА ТЪРГОВСКА","БИОРИПЕЪР пз Junior  ЯГОДА 50ml","18970","81","3.04",""
"87374","АФИА ТЪРГОВСКА","ЧАЙ МЕНТА ФИЛТЪР Х 20 БИОПРОГРАМА","19084","72","0.96",""
"87374","АФИА ТЪРГОВСКА","ЧАЙ ФИТОЛЕК ДИАБЕТ","19312","72","2.00",""
"87374","АФИА ТЪРГОВСКА","БОЧКО САПУН НЕВЕН 75ГР","19341","83","0.99",""
"87374","АФИА ТЪРГОВСКА","БОЧКО САПУН ЛАВАНДУЛА 75ГР","19342","83","0.99",""
"87374","АФИА ТЪРГОВСКА","ЕЛГИДИУМ ЧЗ.diffusion S","19382","80","5.95",""
"87374","АФИА ТЪРГОВСКА","ЕЛГИДИУМ ЧЗ.избелваща S","19392","80","6.34",""
"87374","АФИА ТЪРГОВСКА","ЧАЙ БИОБРОНХО ФИЛТЪР Х 20 БИОПРОГРАМА","19513","72","1.00",""
"87374","АФИА ТЪРГОВСКА","ЧАЙ ЛАЙКА ФИЛТЪР Х 20 БИОПРОГРАМА","19514","72","0.96",""
"87374","АФИА ТЪРГОВСКА","ЧАЙ ЗА БЪБРЕЦИ ПО ЛАМБРЕВ Х 30","19519","72","2.69",""
"87374","АФИА ТЪРГОВСКА","ЧАЙ ФИТОЛЕК БРОНХО Х 20","19624","72","2.00",""
"87374","АФИА ТЪРГОВСКА","ЧАЙ ЦЯРЪ при бъбречни проблеми х 30","20221","72","3.39",""
"87374","АФИА ТЪРГОВСКА","ЧАЙ ЦЯРЪ при кашлица и бронхит х 30","20223","72","3.39",""
"87374","АФИА ТЪРГОВСКА","ЧАЙ ЦЯРЪ при киселини в стомаха х 30","20224","72","3.39",""
"87374","АФИА ТЪРГОВСКА","ЧАЙ ЦЯРЪ при проблеми на жлъчката х 30","20225","72","3.39",""
"87374","АФИА ТЪРГОВСКА","ЧАЙ ЦЯРЪ слабителен х 30","20226","72","3.39",""
"87374","АФИА ТЪРГОВСКА","ЧАЙ ЦЯРЪ срещу лошия холестерол х 30","20227","72","3.39",""
"87374","АФИА ТЪРГОВСКА","ИМОДИУМ ИНСТАНТ ОРОДИСП. ТАБЛ. 2МГ Х 6","20294","89","4.16",""
"87374","АФИА ТЪРГОВСКА","ЧАЙ ЛЕКА НОЩ филтър х20 БИОПРОГРАМА","20307","72","0.80",""
"87374","АФИА ТЪРГОВСКА","ДОЛОРЕН ТАБЛ. 200МГ Х 10","20458","94","1.55",""
"87374","АФИА ТЪРГОВСКА","НИЯ САПУН КАТРАНЕН+БИЛКИ 60ГР.","20660","83","0.69",""
"87374","АФИА ТЪРГОВСКА","ЧАЙ МАТОЧИНА ФИЛТЪР Х 20 БИОПРОГРАМА","20755","72","0.85",""
"87374","АФИА ТЪРГОВСКА","ЧАЙ РОДОПСКИ филтър х20 БИОПРОГРАМА","20757","72","0.80",""
"87374","АФИА ТЪРГОВСКА","ЧАЙ КАРКАДЕ ФИЛТЪР Х20 АЛИН","20762","72","0.97",""
"87374","АФИА ТЪРГОВСКА","ЧАЙ ОТСЛАБВАНЕ филтър х20 БИОПРОГРАМА","20796","72","1.00",""
"87374","АФИА ТЪРГОВСКА","ХИП 1 COMBIOTIK адапт.мляко 300г.","20833","64","10.21",""
"87374","АФИА ТЪРГОВСКА","ГЪМ четка за зъби technique soft","20848","80","3.33",""
"87374","АФИА ТЪРГОВСКА","ВЛ. КЪРПИ BABY BEBELAN СМРАДЛИКА+ЛАЙКА с капак х80","20866","84","1.94",""
"87374","АФИА ТЪРГОВСКА","А-ДЕРМА дерматологичен сапун с екстракт от Риалба","21054","83","7.54",""
"87374","АФИА ТЪРГОВСКА","ГЪМ четка за зъби activital soft","21076","80","4.85",""
"87374","АФИА ТЪРГОВСКА","АЦЦ ЗА ДЕЦА СОЛ 20МГ/МЛ ПЕРОРАЛЕН Р-Р 100МЛ","21657","99","6.85",""
"87374","АФИА ТЪРГОВСКА","ДИАЛГИН САШЕТА 1000МГ Х 6 ХИМАКС","21780","96","2.46",""
"87374","АФИА ТЪРГОВСКА","ДОЛОРЕН ТАБЛ. 400МГ Х 12","21854","94","2.55",""
"87374","АФИА ТЪРГОВСКА","НИЯ САПУН П-В АКНЕ НЕВЕН 60ГР","21884","83","0.69",""
"87374","АФИА ТЪРГОВСКА","НИЯ САПУН П-В АКНЕ СМРАДЛИКА 60ГР","21885","83","0.69",""
"87374","АФИА ТЪРГОВСКА","САПУН БИРЕН 70г","21886","83","0.69",""
"87374","АФИА ТЪРГОВСКА","ЛАКТАНА БИО 2 адпт. мляко 600гр.","21904","65","18.52",""
"87374","АФИА ТЪРГОВСКА","ЕЛГИДИУМ ПЗ.АНТИПЛАКА 100ml","21972","81","7.68",""
"87374","АФИА ТЪРГОВСКА","АДАПТ. МЛЯКО АПТАМИЛ AR 400ГР","22022","65","14.15",""
"87374","АФИА ТЪРГОВСКА","ЧАЙ ФИЛТЪР AHMAD ЧЕРЕН ЧАЙ АНГЛИЙСКА ЗАКУСКА х 20","22072","72","2.95",""
"87374","АФИА ТЪРГОВСКА","ЧАЙ ФИЛТЪР AHMAD ЧЕРЕН ЧАЙ ЪРЛ ГРЕЙ х 20","22073","72","2.95",""
"87374","АФИА ТЪРГОВСКА","АПТАМИЛ Premature за недоносени деца 400г","22085","65","14.05",""
"87374","АФИА ТЪРГОВСКА","АДАПТ. МЛЯКО АПТАМИЛ  БЕЗ ЛАКТОЗА 400ГР","22123","65","11.70",""
"87374","АФИА ТЪРГОВСКА","ЧАЙ ЧЕРЕН БЪЗ ФИЛТЪР Х16 БИЛЕК","22353","72","1.68",""
"87374","АФИА ТЪРГОВСКА","АЛМИРАЛ ГЕЛ 1,16% 50ГР","22445","95","5.59",""
"87374","АФИА ТЪРГОВСКА","АДАПТ. МЛЯКО НАН КОМФОРТИС 1 800Г","22500","65","19.94",""
"87374","АФИА ТЪРГОВСКА","ЕЛГИДИУМ ЧЗ.Inspiration S","22681","80","5.95",""
"87374","АФИА ТЪРГОВСКА","ДИАЛГИН КАПКИ 500МГ/МЛ 20 МЛ","22854","96","4.18",""
"87374","АФИА ТЪРГОВСКА","БОЧКО МОКРИ КЪРПИ ЛАВАНДУЛА Х 64","22865","84","1.20",""
"87374","АФИА ТЪРГОВСКА","АДАПТ. МЛЯКО НАН 3 400Г","22871","65","11.43",""
"87374","АФИА ТЪРГОВСКА","ИБУТОП КРЕМ 50ГР","22881","94","5.56",""
"87374","АФИА ТЪРГОВСКА","ЗЕНАРО ТАБЛ. 5МГ Х 28","22923","100","9.70",""
"87374","АФИА ТЪРГОВСКА","ЧАЙ ЛАЙКА ФИЛТЪР Х16 БИЛЕК","22966","72","1.61",""
"87374","АФИА ТЪРГОВСКА","ЧАЙ МЕЧО ГРОЗДЕ ФИЛТЪР Х16 БИЛЕК","22967","72","1.61",""
"87374","АФИА ТЪРГОВСКА","ТЕО БЕБЕ сапун лавандула 75гр","23016","83","0.86",""
"87374","АФИА ТЪРГОВСКА","АДАПТ. МЛЯКО ФРИЗОЛАК ПЕП АС 400ГР","23483","65","15.13",""
"87374","АФИА ТЪРГОВСКА","ВЛ. КЪРПИ BABY BEBELAN ЛАЙКА+АЛОЕ с капак х25","23700","84","0.61",""
"87374","АФИА ТЪРГОВСКА","ВЛ. КЪРПИ BABY BEBELAN СМРАДЛИКА+ЛАЙКА с капак х25","23701","84","0.61",""
"87374","АФИА ТЪРГОВСКА","ХИМАЛАЯ САПУН С НИЙМ И КУРКУМА 75ГР","23777","83","0.99",""
"87374","АФИА ТЪРГОВСКА","ВЛ. КЪРПИ BABY BEBELAN НЕВЕН +ЛАЙКА с капак х80","24142","84","1.94",""
"87374","АФИА ТЪРГОВСКА","ДАВ сапун кокос 100g","24213","83","1.31",""
"87374","АФИА ТЪРГОВСКА","ЧАЙ ФИЛТЪР AHMAD РОЙБОС/КАНЕЛАх 20","24333","72","2.71",""
"87374","АФИА ТЪРГОВСКА","ШАМПОАН ХИНИН 500мл.","24460","82","2.66",""
"87374","АФИА ТЪРГОВСКА","СТРЕПСИЛС ИНТЕНЗИВ спрей 8.75 mg/dose 15мл","24723","98","8.06",""
"87374","АФИА ТЪРГОВСКА","ЕКЗОДЕРИЛ 1%  СОЛ. 20МЛ","25011","90","12.26",""
"87374","АФИА ТЪРГОВСКА","САПУН АЛОЕ ВЕРА 60г.","25161","83","0.69",""
"87374","АФИА ТЪРГОВСКА","НИЯ САПУН С КОПРИВА 60ГР.","25164","83","0.69",""
"87374","АФИА ТЪРГОВСКА","НИЯ САПУН С НЕВЕН 60ГР.","25165","83","0.69",""
"87374","АФИА ТЪРГОВСКА","АЦЕЦИС САШЕТА 200МГ Х 20","25316","99","5.10",""
"87374","АФИА ТЪРГОВСКА","ЕЛГИДИУМ ПЗ.ДЕТСКА банан 2-6г 50ml","25335","81","5.09",""
"87374","АФИА ТЪРГОВСКА","НИЯ САПУН СЪС СМРАДЛИКА 60ГР","25467","83","0.69",""
"87374","АФИА ТЪРГОВСКА","АДАПТ. МЛЯКО ФРИЗО 4 400ГР","25541","65","8.63",""
"87374","АФИА ТЪРГОВСКА","ЧАЙ МЕНТА ФИЛТЪР Х16 БИЛЕК","25623","72","1.61",""
"87374","АФИА ТЪРГОВСКА","ЕЛГИДИУМ ПЗ.ИЗБЕЛВАЩА 75ml лимон","25713","81","7.21",""
"87374","АФИА ТЪРГОВСКА","ЧАЙ ФИЛТЪР AHMAD ЧЕРЕН ЧАЙ ЦЕЙЛОН х 20","26073","72","2.95",""
"87374","АФИА ТЪРГОВСКА","ЧАЙ ФИЛТЪР AHMAD ПЛОДОВ ПРАСКОВА/МАРАКУЯ  х 20","26074","72","2.95",""
"87374","АФИА ТЪРГОВСКА","ЧАЙ ФИЛТЪР AHMAD ПЛОДОВ СЕЛЕКЦИЯ  х 20","26077","72","2.96",""
"87374","АФИА ТЪРГОВСКА","АЦЕСАЛ ПРОТЕКТ 100МГ ТАБЛ. Х 40","26085","96","2.96","2.37"
"87374","АФИА ТЪРГОВСКА","АДАПТ. МЛЯКО НАН ОПТИПРО 2 800Г","26094","65","20.34",""
"87374","АФИА ТЪРГОВСКА","ЗЕРОТРОМБ ТАБЛ. 100МГ Х 30","26128","96","2.49",""
"87374","АФИА ТЪРГОВСКА","АЦЦ ЕФ.ТАБЛ. 600МГ Х 10","26148","99","8.64","6.91"
"87374","АФИА ТЪРГОВСКА","АКВАФРЕШ паста за зъби intense clean deep action 75 ml","26197","81","3.52","2.64"
"87374","АФИА ТЪРГОВСКА","АКВАФРЕШ паста за зъби intense whitening 75 ml","26198","81","3.52","2.64"
"87374","АФИА ТЪРГОВСКА","ПАРОДОНТАКС паста за зъби ultra clean 75 ml","26199","81","5.46",""
"87374","АФИА ТЪРГОВСКА","НУРОФЕН СУСП. за юноши ягода 200 mg/5ml 100мл","26244","94","5.87",""
"87374","АФИА ТЪРГОВСКА","ПАНАКТИВ СУСП. 100МГ/5МЛ 120МЛ","26363","94","3.57",""
"87374","АФИА ТЪРГОВСКА","ХИМАЛАЯ САПУН  с краставица 75гр","26570","83","1.12",""
"87374","АФИА ТЪРГОВСКА","АДАПТ. МЛЯКО НАН 3 800г","26639","65","19.42",""
"87374","АФИА ТЪРГОВСКА","САПУН Докторски","26689","83","1.35",""
"87374","АФИА ТЪРГОВСКА","ВЛ. КЪРПИ LARA x 120 бр. лайка","26780","84","1.52",""
"87374","АФИА ТЪРГОВСКА","ВЛ. КЪРПИ LARA x 120 бр. гербер","26781","84","1.52",""
"87374","АФИА ТЪРГОВСКА","ВЛ. КЪРПИ LARA x 120 бр. алое","26782","84","1.52",""
"87374","АФИА ТЪРГОВСКА","ЛАКТАНА БИО 3 адпт. мляко 600гр.","26955","65","15.64",""
"87374","АФИА ТЪРГОВСКА","ЧАЙ ЦЯР за пречистване на кръвта  Х30","27072","72","3.39",""
"87374","АФИА ТЪРГОВСКА","ЧАЙ ЦЯРЪ ДИАБЕТИЦИ Х30","27159","72","3.39",""
"87374","АФИА ТЪРГОВСКА","ИБУРАПИД 400МГ ТАБЛ. Х 10","27217","94","3.95",""
"87374","АФИА ТЪРГОВСКА","АЗПИЗАЛ ТАБЛ. 325МГ Х 100","27261","96","2.58",""
"87374","АФИА ТЪРГОВСКА","ЛАКАЛУТ ПЗ. АКТИВ 75ml + ЧЕТКA","27410","81","3.87",""
"87374","АФИА ТЪРГОВСКА","ХИМАЛАЯ САПУН С МЕД И МЛЯКО 75ГР","27450","83","1.12",""
"87374","АФИА ТЪРГОВСКА","НУРОФЕН СУСП. за юноши портокал 200 mg/5ml  100мл","27521","94","6.26",""
"87374","АФИА ТЪРГОВСКА","ВЛ. КЪРПИ LARA x 120 бр. лавандула","27579","84","1.52",""
"87374","АФИА ТЪРГОВСКА","ПЗ.БИЛКА дент хималайска сол","27618","81","2.22",""
"87374","АФИА ТЪРГОВСКА","БИОРИПЕЪР пз Junior 6-12 mint 75 ml","27642","81","3.47",""
"87374","АФИА ТЪРГОВСКА","ДИАЛГИН САШЕТА 500mg x 6","27974","96","2.36",""
"87374","АФИА ТЪРГОВСКА","ВЛ. КЪРПИ LARA x 120 бр.фамилни + роза","28195","84","1.52",""
"87374","АФИА ТЪРГОВСКА","ПЗ.БИЛКА дент хомеопатична дж.+лайм","28291","81","2.51",""
"87374","АФИА ТЪРГОВСКА","ПЗ.БИЛКА дент хомеопатична мастиха","28292","81","2.51",""
"87374","АФИА ТЪРГОВСКА","ЧАЙ ЦЯР при подагра Х30","28410","72","3.39",""
"87374","АФИА ТЪРГОВСКА","ЧАЙ ЦЯР простатит  Х30","28411","72","3.39",""
"87374","АФИА ТЪРГОВСКА","ЕКЗОДЕРИЛ 1%  КРЕМ 30ГР","28444","90","9.65",""
"87374","АФИА ТЪРГОВСКА","АСПИРИН УЛТРА ТАБЛ. 500МГ Х 20","28454","96","4.72",""
"87374","АФИА ТЪРГОВСКА","АСПИРИН УЛТРА ТАБЛ. 500МГ Х 8","28455","96","1.84",""
"87374","АФИА ТЪРГОВСКА","ЧАЙ ФИТОЛЕК ЕХИНАЦЕЯ Х20","28467","72","2.00",""
"87374","АФИА ТЪРГОВСКА","ХИМАЛАЯ САПУН С БАДЕМ 75ГР","28496","83","1.12",""
"87374","АФИА ТЪРГОВСКА","ДЖОНСЪН шампоан лайка 300ml","28660","82","4.49",""
"87374","АФИА ТЪРГОВСКА","СТРЕПСИЛС ИНТЕНЗИВ tabl. x 24","28694","98","8.06",""
"87374","АФИА ТЪРГОВСКА","АДАПТ. МЛЯКО АПТАМИЛ ADC 400ГР","28964","65","14.57",""
"87374","АФИА ТЪРГОВСКА","АЛМИРАЛ ГЕЛ 1,16% 250Г","28978","95","14.46",""
"87374","АФИА ТЪРГОВСКА","ВЛ. КЪРПИ LARA x 120 бр.фамилни цитрус","29121","84","1.52",""
"87374","АФИА ТЪРГОВСКА","ВЛ. КЪРПИ LARA x 120 бр. премиум","29122","84","1.52",""
"87374","АФИА ТЪРГОВСКА","ИБУЛЕК 600МГ САШЕТА Х 10","29538","94","7.32",""
"87374","АФИА ТЪРГОВСКА","АСТЕРА PARODONT STOP п.за зъби 75мл.","29847","81","3.21",""
"87374","АФИА ТЪРГОВСКА","ВОЛТАРЕН ФОРТЕ ГЕЛ 2,32% 150ГР","29938","95","18.40","14.72"
"87374","АФИА ТЪРГОВСКА","СЕНСОДИН паста за зъби RAPID RELIEF 75ml","30004","81","7.76",""
"87374","АФИА ТЪРГОВСКА","БИОРИПЕЪР ПЗ PRO WHITE 75ml","30290","81","4.55",""
"87374","АФИА ТЪРГОВСКА","ЧАЙ ЛИПА ФИЛТЪР Х16 БИЛЕК","30398","72","1.61",""
"87374","АФИА ТЪРГОВСКА","АКАРД ТАБЛ. 75МГ Х 30","30443","96","2.25",""
"87374","АФИА ТЪРГОВСКА","ЕЛГИДИУМ ПЗ.АНТИПЛАКА  50мл","30480","81","5.09",""
"87374","АФИА ТЪРГОВСКА","СЛЪНЧО КАША 4мес. БАНАНОВА МЛЕЧНА безглутенова 200г.","30687","63","2.50",""
"87374","АФИА ТЪРГОВСКА","ИБУЛЕК 400МГ САШЕТА Х 10","30698","94","5.85",""
"87374","АФИА ТЪРГОВСКА","СЛЪНЧО КАША 6мес. БИСКВИТЕНО БАНАНОВА млечна 200г.","30699","63","2.65",""
"87374","АФИА ТЪРГОВСКА","ЧАЙ ФИЛТЪР AHMAD ЧЕРЕН ЧАЙ АНГЛИЙСКИ X20","30753","72","2.95",""
"87374","АФИА ТЪРГОВСКА","АНГАЛ МЕНТОЛ СПРЕЙ 2МГ/МЛ+0,5МГ/МЛ 30МЛ","30922","98","9.74",""
"87374","АФИА ТЪРГОВСКА","АНГАЛ МЕНТОЛ ТАБЛ. ЗА СМУЧЕНЕ 5МГ/1МГ Х 24","30923","98","7.45",""
"87374","АФИА ТЪРГОВСКА","БИОТРЕЙД  ПЮЪР СКИН ЧЕРЕН ДЕТОКС САПУН 100ГР","31073","83","6.45",""
"87374","АФИА ТЪРГОВСКА","СЕНСОДИН четка за зъби gentle care soft","31111","80","4.89",""
"87374","АФИА ТЪРГОВСКА","АЦЦ ДИРЕКТ ПРАХ 600МГ Х 10","31211","99","8.69","6.95"
"87374","АФИА ТЪРГОВСКА","ВЛ. КЪРПИ LARA x 15 бр. VINTAGE MIX","31213","84","0.26",""
"87374","АФИА ТЪРГОВСКА","АЛМИРАЛ ГЕЛ 1,16% 100Г","31255","95","7.60",""
"87374","АФИА ТЪРГОВСКА","КСИВОЗАН ТАБЛ. 5МГ Х 10","31346","100","5.21",""
"87374","АФИА ТЪРГОВСКА","ОВКО пюре сладък картоф 4+м, 100гр","31432","64","1.02",""
"87374","АФИА ТЪРГОВСКА","ОВКО пюре манго с банани 4 м, 190 гр","31433","64","1.14",""
"87374","АФИА ТЪРГОВСКА","ОВКО пюре ябълки и моркови 4м, 190гр","31436","64","0.96",""
"87374","АФИА ТЪРГОВСКА","ОВКО пюре банан 4м, 190гр","31438","64","1.10",""
"87374","АФИА ТЪРГОВСКА","ОВКО пюре манго 4м, 190 гр","31440","64","1.04",""
"87374","АФИА ТЪРГОВСКА","ОВКО пюре сливи 4м , 190 гр","31441","64","1.10",""
"87374","АФИА ТЪРГОВСКА","ОВКО пюре ябълки и праскови 4м, 190 гр","31442","64","1.15",""
"87374","АФИА ТЪРГОВСКА","ОВКО пюре ябълки, кайсии, моркови 4м, 190 гр","31443","64","1.02",""
"87374","АФИА ТЪРГОВСКА","ОВКО пюре ябълки, банани и праскови 4м, 190 гр","31444","64","1.10",""
"87374","АФИА ТЪРГОВСКА","ОВКО  асорти градински плод 5м, 190 гр","31452","64","1.07",""
"87374","АФИА ТЪРГОВСКА","ОВКО пюре тиква с ябълки и моркови 4м, 190гр","31454","64","0.99",""
"87374","АФИА ТЪРГОВСКА","ОВКО пюре тиквички с картофи 4м, 190гр","31457","64","1.04",""
"87374","АФИА ТЪРГОВСКА","ОВКО мл.каша ябълки и сливи с елда 5м, 190гр","31458","63","1.04",""
"87374","АФИА ТЪРГОВСКА","ОВКО мл.каша ябълки, кайсии и овесени ядки 4м, 190гр","31462","63","1.14",""
"87374","АФИА ТЪРГОВСКА","ОВКО мл.каша банан, ябълка и бисквити 4м, 190гр","31463","63","1.14",""
"87374","АФИА ТЪРГОВСКА","ОВКО мл.каша ябълки,круши и бисквити 4м, 190гр","31464","63","1.14",""
"87374","АФИА ТЪРГОВСКА","ОВКО пюре пуешко със зеленчуци 6м, 190гр","31465","64","1.21",""
"87374","АФИА ТЪРГОВСКА","ОВКО пюре фин заек и пиле със зеленчуци 6м, 190гр","31467","63","1.53",""
"87374","АФИА ТЪРГОВСКА","ОВКО пюре асорти със зеленчуци 4м, 190гр","31468","64","1.02",""
"87374","АФИА ТЪРГОВСКА","ОВКО пюре зеленчукова супа с пиле и ориз 6м, 190гр","31469","64","1.26",""
"87374","АФИА ТЪРГОВСКА","КЕТОНАЛ КАПС. 50МГ Х 20","31632","94","6.64",""
"87374","АФИА ТЪРГОВСКА","ЛАКАЛУТ ПЗ. АНТИ КАРИЕС 75МЛ","32022","81","3.87","2.90"
"87374","АФИА ТЪРГОВСКА","НУРОФЕН 7+ за юноши портокал 100мг  дъвч.капс. х 12","32268","94","5.76",""
"87374","АФИА ТЪРГОВСКА","АКАРД ТАБЛ. 150МГ Х 30","32390","96","3.37",""
"87374","АФИА ТЪРГОВСКА","АКВАФРЕШ паста за зъби fresh&minty  зелена 75ml","32655","81","2.03","1.62"
"87374","АФИА ТЪРГОВСКА","МИГ ДЖУНИЪР СИРОП 40МГ/МЛ 100МЛ","32757","94","4.73",""
"87374","АФИА ТЪРГОВСКА","АСТЕРА PARODONT ACTIVE ПОМОРИЙСКА ЛУГА п.за зъби 75мл.","32815","81","3.38",""
"87374","АФИА ТЪРГОВСКА","ИБУПРОМ НАСТИНКА И ГРИП ЗА ДЕЦА ТАБЛ. 200МГ Х 10","32962","94","3.34",""
"87374","АФИА ТЪРГОВСКА","АСТЕРА PARODONT ACTIVE АКТИВЕН ВЪГЛЕН п.за зъби 75мл.","32993","81","3.21",""
"87374","АФИА ТЪРГОВСКА","БИОРИПЕЪР ЧЗ SOFT","33066","80","2.61",""
"87374","АФИА ТЪРГОВСКА","АНАЛГИН МАКС САШЕ 1000МГ Х 6","33172","96","2.99","2.54"
"87374","АФИА ТЪРГОВСКА","ХИП 1 COMBIOTIK адапт.мляко 800г.","33377","65","23.36",""
"87374","АФИА ТЪРГОВСКА","ЕЛГИДИУМ ПЗ.мултифункционална 75ml","33411","81","7.21",""
"87374","АФИА ТЪРГОВСКА","ЕЛГИДИУМ ПЗ. perioblock  care 75ml","33412","81","7.68",""
"87374","АФИА ТЪРГОВСКА","ЕЛГИДИУМ ПЗ.успокояваща за раздразнени венци 75ml","33413","81","7.21",""
"87374","АФИА ТЪРГОВСКА","ЛАКАЛУТ ПЗ. АКТИВ & УАЙТ С ЕНЗИМИ 75МЛ","33500","81","4.89",""
"87374","АФИА ТЪРГОВСКА","ОВКО пюре зеленчуково 4м , 190 гр","33649","64","1.05",""
"87374","АФИА ТЪРГОВСКА","НУРОФЕН лечебен пластир 200mg 2 броя","33678","94","7.40",""
"87374","АФИА ТЪРГОВСКА","ИБУПРОМ СПРИНТ МАКС КАПС. 400МГ Х 10","33711","94","4.77",""
"87374","АФИА ТЪРГОВСКА","ГЛИМБАКС 0.148 % СПРЕЙ 15ml","33779","95","10.35",""
"87374","АФИА ТЪРГОВСКА","ПАРОДОНТАКС паста за зъби herbal 75ml","33794","81","5.46",""
"87374","АФИА ТЪРГОВСКА","ПАРОДОНТАКС паста за зъби complete protection  white75ml","33795","81","6.58","4.74"
"87374","АФИА ТЪРГОВСКА","ЗЕОЛИТ САПУН 100г.","33945","83","1.77",""
"87374","АФИА ТЪРГОВСКА","ЕЛГИДИУМ ПЗ.ДЕТСКА сладка мента 7-12г 50ml","33996","81","5.29",""
"87374","АФИА ТЪРГОВСКА","ХИП 2 COMBIOTIK адапт.мляко 800г.","34235","65","23.36",""
"87374","АФИА ТЪРГОВСКА","ЧАЙ БЪЗ ЦВЯТ И ЛИМОН  филтър х20 БЧК","34436","72","1.12",""
"87374","АФИА ТЪРГОВСКА","ВИТАСИН САПУН с Гераниево масло 70г.","34531","83","1.19",""
"87374","АФИА ТЪРГОВСКА","АНАЛГИН МАКС САШЕ 1000МГ Х 20","34552","96","7.99","6.79"
"87374","АФИА ТЪРГОВСКА","АПТАМИЛ Comfort 1  Pro Exp 0-6м. 400г","34575","65","13.49",""
"87374","АФИА ТЪРГОВСКА","ЕЛГИДИУМ ПЗ.разкриваща плаката 50ml","34576","81","7.06",""
"87374","АФИА ТЪРГОВСКА","ЧАЙ ЖЪЛТ КАНТАРИОН ФИЛТЪР Х16","34589","72","1.34",""
"87374","АФИА ТЪРГОВСКА","АКВАФРЕШ паста за зъби ACTIVE WHITE 125ml","34623","81","2.69",""
"87374","АФИА ТЪРГОВСКА","АКВАФРЕШ паста за зъби деца 9-12 75ml","34624","81","3.52",""
"87374","АФИА ТЪРГОВСКА","ЧАЙ ФИЛТЪР AHMAD ЧЕРЕН ЧАЙ СПАЙС X20","34630","72","2.95",""
"87374","АФИА ТЪРГОВСКА","АПТАМИЛ Comfort 2  Pro Exp 6+м. 400г","34632","65","13.44",""
"87374","АФИА ТЪРГОВСКА","АДАПТ. МЛЯКО ФРИЗОЛАК LF 400ГР","34712","65","11.35",""
"87374","АФИА ТЪРГОВСКА","ИБУПРОМ СПРИНТ 200МГ Х10","34772","94","3.92",""
"87374","АФИА ТЪРГОВСКА","СТРЕПСИЛС ИНТЕНЗИВ ПОРТОКАЛ таблетки*16","34866","98","5.73",""
"87374","АФИА ТЪРГОВСКА","ЧАЙ ЖЪЛТ КАНТАРИОН филтър х 20 БИОПРОГРАМА","34909","72","0.90",""
"87374","АФИА ТЪРГОВСКА","ПАНАКТИВ ФОРТЕ СУСП. 200МГ/5МЛ 40МЛ","35058","94","2.83",""
"87374","АФИА ТЪРГОВСКА","БЕНАЛГИН РАПИД ПРАХ ЗА ПЕРОР.Р-Р САШЕ Х 10","35202","96","3.92",""
"87374","АФИА ТЪРГОВСКА","ЛАКАЛУТ ПЗ.СЕНЗИТИВ & УАЙТ С ЕНЗИМИ 75 МЛ.","35216","81","4.89",""
"87374","АФИА ТЪРГОВСКА","СЕНСОДИН паста за зъби sensivity and gum 75ml","35268","81","7.76",""
"87374","АФИА ТЪРГОВСКА","КЕТОНАЛ ИНТЕНЗИВ САШЕ 50МГ Х 12","35306","94","7.66",""
"87374","АФИА ТЪРГОВСКА","ПЗ ПОМОРИН АКТИВ ПАРОДОНТИТ","35426","81","1.77",""
"87374","АФИА ТЪРГОВСКА","ЧАЙ ФИЛТЪР AHMAD ХРАНОСМИЛАНЕ","35651","72","2.85",""
"87374","АФИА ТЪРГОВСКА","ЧАЙ ФИЛТЪР AHMAD СЪН","35652","72","2.85",""
"87374","АФИА ТЪРГОВСКА","ЕНТЕРОЛ прахчета 250мг.*20","35681","89","13.28",""
"87374","АФИА ТЪРГОВСКА","АКВАФРЕШ паста за зъби splash деца 3-8 г.","35790","81","3.52",""
"87374","АФИА ТЪРГОВСКА","АДАПТ. МЛЯКО АПТАМИЛ AR2 400ГР","35818","65","13.76",""
"87374","АФИА ТЪРГОВСКА","ЕНТЕРОЛ КАПС. 250МГ Х 12","35837","89","6.94",""
"87374","АФИА ТЪРГОВСКА","АРОМА САПУН АНТИБАКТЕРИАЛЕН ВЪГЛЕН 90г./ЧИСТО/","35860","83","1.07",""
"87374","АФИА ТЪРГОВСКА","ФАРИНГОСЕПТ ТАБЛ. ЗА СМУЧЕНЕ 8,75МГ Х 20","35935","98","4.33",""
"87374","АФИА ТЪРГОВСКА","ДИАЛГИН КИДС КАПКИ 500МГ/МЛ 20МЛ","36126","96","4.68",""
"87374","АФИА ТЪРГОВСКА","СЛЪНЧО КАША 4мес. ЗЪРНИН М млечна 200г.","36180","63","2.50",""
"87374","АФИА ТЪРГОВСКА","СЛЪНЧО КАША 4мес. ПШЕНИЧНО МЛЕЧНА 200г.","36181","63","2.56",""
"87374","АФИА ТЪРГОВСКА","СЛЪНЧО КАША 4мес. СЛАДЪК СЪН ОРИЗ МЛЕЧНА безглутенова 200г.","36182","63","2.80",""
"87374","АФИА ТЪРГОВСКА","ЛАРА САПУН 375 МЛ. КОКОС","36287","83","1.38",""
"87374","АФИА ТЪРГОВСКА","ДАВ сапун РОЗОВ 100g","36301","83","1.31",""
"87374","АФИА ТЪРГОВСКА","СЕНСОДИН четка за зъби advanced clean soft","36368","80","4.89",""
"87374","АФИА ТЪРГОВСКА","Сапун КРИСПА ЧИСТ ГЛИЦЕРИН+НАР 100ГР","36369","83","1.21",""
"87374","АФИА ТЪРГОВСКА","ТЕО БЕБЕ ВЛ.КЪРПИ SENSITIVE 72бр С КАПАК","36475","84","1.56",""
"87374","АФИА ТЪРГОВСКА","ЕЛГИДИУМ ПЗ.SENSILEAVE 50 ml","36507","81","7.31",""
"87374","АФИА ТЪРГОВСКА","АДАПТ. МЛЯКО НАН КОМФОРТИС 2 800Г","36547","65","19.94",""
"87374","АФИА ТЪРГОВСКА","ОКЛИС ФОРТЕ САШЕ 600МГ Х 10","36596","94","6.47",""
"87374","АФИА ТЪРГОВСКА","ВЛ. КЪРПИ BABY BEBELAN Сребърна вода х 60","36992","84","1.94",""
"87374","АФИА ТЪРГОВСКА","ХИП 3 COMBIOTIK адапт.мляко 500г.","37010","65","12.82",""
"87374","АФИА ТЪРГОВСКА","ИБУЛЕК ЗА ДЕЦА СУСП. 100МГ/5МЛ 120МЛ","37116","94","4.06",""
"87374","АФИА ТЪРГОВСКА","СТРЕПСИЛС ИНТЕНЗИВ МЕД И ЛИМОН спрей 8.75 mg/dose 15мл","37130","98","8.06",""
"87374","АФИА ТЪРГОВСКА","ЧАЙ ЛАЙКА,МЕД И ВАНИЛИЯ  филтър х20 БЧК","37136","72","1.20",""
"87374","АФИА ТЪРГОВСКА","ЕНТЕРОЛ caps.250mg x 30","37242","89","15.24",""
"87374","АФИА ТЪРГОВСКА","МУКОСОФТ САШЕТА 600МГ Х 10 АДИФАРМ","37406","99","6.12",""
"87374","АФИА ТЪРГОВСКА","АНГЕТОП ТАБЛ. 500МГ Х 20","37425","96","1.13",""
"87374","АФИА ТЪРГОВСКА","Омалгин, Omalgin перорални капки 500 мг/мл 20 мл","37663","96","3.37",""
"87374","АФИА ТЪРГОВСКА","ЕЛГИДИУМ ПЗ. perioblock pro 50ml","37664","81","7.68",""
"87374","АФИА ТЪРГОВСКА","ФЛУРБИМЕД МИНТ ТАБЛ. ЗА СМУЧЕНЕ 8,75МГ Х 20","37763","98","5.01",""
"87374","АФИА ТЪРГОВСКА","ПАРОДОНТАКС четка за зъби COMPLETE PROTECTION SOFT","37832","80","6.58","4.94"
"87374","АФИА ТЪРГОВСКА","ПЗ ПОМОРИН КЛАСИК","37897","81","1.29",""
"87374","АФИА ТЪРГОВСКА","ПЗ ПОМОРИН АНТИПАРОДОНТИТ","37898","81","1.29",""
"87374","АФИА ТЪРГОВСКА","ЕНТЕРОЛ прахчета 250мг*6","37915","89","4.54",""
"87374","АФИА ТЪРГОВСКА","АЦЦ МЕД И ЛИМОН 600МГ САШЕТА Х 10","37930","99","8.69",""
"87374","АФИА ТЪРГОВСКА","АКАРД тбл.75мг.х120","37940","96","8.06",""
"87374","АФИА ТЪРГОВСКА","ПЗ.БИЛКА дент пародонт избелваща  75ml","37943","81","2.36",""
"87374","АФИА ТЪРГОВСКА","НОВАЛАК 1 адапт.мляко кърмач.400гр/0-6м/","38153","65","10.21",""
"87374","АФИА ТЪРГОВСКА","НОВАЛАК 2 адапт.мляк кърмач.400гр/6-12м/","38154","65","10.12",""
"87374","АФИА ТЪРГОВСКА","НОВАЛАК 3 адапт.мляко преход.400гр/1-3г/","38155","65","9.85",""
"87374","АФИА ТЪРГОВСКА","НОВАЛАК AC адапт.мляко колики400г/0-12м/","38156","65","13.12",""
"87374","АФИА ТЪРГОВСКА","НОВАЛАК AR адапт.мл повръщане400г/0-12м/","38157","65","11.71",""
"87374","АФИА ТЪРГОВСКА","НОВАЛАК IT адапт.мл при запек400г/0-12м/","38158","65","12.04",""
"87374","АФИА ТЪРГОВСКА","МИЛОРОФЕН тбл.200мг.х10","38294","94","1.98",""
"87374","АФИА ТЪРГОВСКА","ДИКЛОФЛЕКС гел 5% 50г.","38325","95","4.89",""
"87374","АФИА ТЪРГОВСКА","АПИВИТА Шампоан за честа употреба 500мл","38464","82","15.61",""
"87374","АФИА ТЪРГОВСКА","ЧАЙ Вечерен /лайка , копър , валериана/ 17 пак Yogi Tea","38478","72","4.06",""
"87374","АФИА ТЪРГОВСКА","ПАРОДОНТАКС паста за зъби DUO  PACK CLASSIC 2x75ml","38619","81","6.19",""
"87374","АФИА ТЪРГОВСКА","НУРОФЕН ЕКСПРЕС ФОРТЕ 400mg меки капсули *20","38658","94","9.69",""
"87374","АФИА ТЪРГОВСКА","МУСТЕЛА сапун с колд крем 100г","38694","83","4.05",""
"87374","АФИА ТЪРГОВСКА","ЛАКАЛУТ ПЗ. АКТИВ & СЕНЗИТИВ ПАСТА 75 МЛ","38744","81","4.89",""
"87374","АФИА ТЪРГОВСКА","NATURE ROSES сапун 75 гр","38969","83","0.77",""
"87374","АФИА ТЪРГОВСКА","NATURE ROSES сапун 75 гр бял","38970","83","0.77",""
"87374","АФИА ТЪРГОВСКА","АЛЕРГОЗАН 1% КРЕМ 1Г/100ГР 60Г","39040","91","7.65",""
"87374","АФИА ТЪРГОВСКА","ПАНАКТИВ BABY супоз.60мг.х5","39186","94","2.45",""
"87374","АФИА ТЪРГОВСКА","ПАНАКТИВ BABY супоз.125мг.х5","39187","94","2.77",""
"87374","АФИА ТЪРГОВСКА","ПСИЛО-БАЛСАМ ГЕЛ 50ГР","39352","91","8.12",""
"87374","АФИА ТЪРГОВСКА","АКВАФРЕШ паста за зъби fresh&minty 50ml","39361","81","1.89","1.51"
"87374","АФИА ТЪРГОВСКА","АКВАФРЕШ паста за зъби M&M  125мл","39363","81","2.30",""
"87374","АФИА ТЪРГОВСКА","АКВАФРЕШ паста за зъби ACTIVE FRESH 125ml","39364","81","2.69",""
"87374","АФИА ТЪРГОВСКА","КУРАПРОКС ПЗ Enzycal Zero 75мл","39624","81","6.43",""
"87374","АФИА ТЪРГОВСКА","КУРАПРОКС ПЗ Enzycal 950 75мл","39625","81","6.43",""
"87374","АФИА ТЪРГОВСКА","КУРАПРОКС ПЗ Enzycal 1450 75мл","39626","81","7.15",""
"87374","АФИА ТЪРГОВСКА","КУРАПРОКС ПЗ [BE YOU] Daydreamer 60 МЛ","39627","81","12.26",""
"87374","АФИА ТЪРГОВСКА","КУРАПРОКС ПЗ [BE YOU] Pure happiness  60 МЛ","39628","81","12.26",""
"87374","АФИА ТЪРГОВСКА","КУРАПРОКС ПЗ [BE YOU] Explore 60 МЛ","39629","81","12.26",""
"87374","АФИА ТЪРГОВСКА","КУРАПРОКС ПЗ [BE YOU] Candy lover 60 МЛ","39630","81","12.26",""
"87374","АФИА ТЪРГОВСКА","ЮРИАЖ 1ER BEBE почистващ крем-сапун 100гр.","39661","83","6.69",""
"87374","АФИА ТЪРГОВСКА","ВЛ.КЪРПИ EVENT антибакт. алое x15","39743","84","0.40",""
"87374","АФИА ТЪРГОВСКА","ВЛ.КЪРПИ EVENT антибакт. невен x15","39744","84","0.40",""
"87374","АФИА ТЪРГОВСКА","ВЛ.КЪРПИ EVENT антибакт. лавандула x15","39745","84","0.40",""
"87374","АФИА ТЪРГОВСКА","ВЛ.КЪРПИ EVENT антибакт. мандарина x15","39746","84","0.40",""
"87374","АФИА ТЪРГОВСКА","ВЛ.КЪРПИ EVENT антибакт. 20% алкохол x15","39747","84","0.49",""
"87374","АФИА ТЪРГОВСКА","КУРАПРОКС ПЗ [BE YOU] Challenger  60 МЛ","39837","81","12.26",""
"87374","АФИА ТЪРГОВСКА","ВЛ.КЪРПИ PUFIES WW SENSITIVE с капак 64 бр","40048","84","1.94",""
"87374","АФИА ТЪРГОВСКА","КЕТАЛГО 50МГ ГРАНУЛИ ЗА ПЕРОРАЛЕН Р-Р В САШЕ Х 6","40084","94","4.35",""
"87374","АФИА ТЪРГОВСКА","ОВКО пюре картофи с тиква 4м 190гр","40114","64","1.02",""
"87374","АФИА ТЪРГОВСКА","ОВКО меню спагети болонезе 8м+ 220 гр","40115","64","1.48",""
"87374","АФИА ТЪРГОВСКА","СЛЪНЧО КАША 6мес. БИСКВИТЕНА млечна с бифидус  200г.","40116","63","2.50",""
"87374","АФИА ТЪРГОВСКА","СЛЪНЧО КАША 6мес. млечна ЕЛДА с плодове 200г.","40117","63","2.61",""
"87374","АФИА ТЪРГОВСКА","ХИП 1 COMBIOTIK адапт.мляко 350г.","40138","65","11.35",""
"87374","АФИА ТЪРГОВСКА","ВЛ.КЪРПИ EVENT антибакт. алое x72","40242","84","1.53",""
"87374","АФИА ТЪРГОВСКА","ВЛ.КЪРПИ EVENT антибакт. мандарина x72","40243","84","1.53",""
"87374","АФИА ТЪРГОВСКА","ВЛ.КЪРПИ EVENT антибакт. 20% алкохол x60","40244","84","1.64",""
"87374","АФИА ТЪРГОВСКА","КУРАПРОКС ПЗ [BE YOU] Rising Star 60 МЛ","40279","81","12.26",""
"87374","АФИА ТЪРГОВСКА","АГИВА вл. интимни кърпи","40508","84","0.79",""
"87374","АФИА ТЪРГОВСКА","НИЗОРАЛ ШАМПОАН 2% 100МЛ","40549","90","13.69",""
"87374","АФИА ТЪРГОВСКА","ВЛ. КЪРПИ PAMPERS sensitive х 52","40636","84","1.53",""
"87374","АФИА ТЪРГОВСКА","ФЕЛОРАН ФОРТЕ ГЕЛ 5% 120 ГР СФ","40745","95","8.43","7.17"
"87374","АФИА ТЪРГОВСКА","СЕНСОДИН паста за зъби Natural White с активен въглен","40897","81","5.50","3.85"
"87374","АФИА ТЪРГОВСКА","БОЧКО ВЛАЖНИ КЪРПИ ПАМУК И ЛАЙКА КАПАК Х 84","40932","84","1.67",""
"87374","АФИА ТЪРГОВСКА","ХИП АНТИРЕФЛУКС адапт .мляко 600 гр","41012","65","17.61",""
"87374","АФИА ТЪРГОВСКА","ЕЛГИДИУМ ПЗ.ИЗБЕЛВАЩА 50ml","41029","81","5.47",""
"87374","АФИА ТЪРГОВСКА","ЛОПЕРАМИД ЕКОФАРМ тбл.2мг.х10","41152","89","2.70",""
"87374","АФИА ТЪРГОВСКА","ФЕЛОРАН гел 1% - 120g  Софарма","41160","95","7.58","6.44"
"87374","АФИА ТЪРГОВСКА","АКВАФРЕШ паста за зъби naturals mint clean","41284","81","2.30",""
"87374","АФИА ТЪРГОВСКА","ЧАЙ ФИТОЛЕК ДЕТОКС Х20","41531","72","2.00",""
"87374","АФИА ТЪРГОВСКА","КУРАПРОКС чз CS1560 soft ПРОМО","41636","80","5.50",""
"87374","АФИА ТЪРГОВСКА","КСИЗАЛ 0,5МГ/МЛ СИРОП 200МЛ Х 11","41828","100","5.52",""
"87374","АФИА ТЪРГОВСКА","ЕЛГИДИУМ ПЗ.ИЗБЕЛВАЩА 100ml  BIO","41852","81","9.20",""
"87374","АФИА ТЪРГОВСКА","ЕЛГИДИУМ ПЗ.СЕНЗИТИВ 100ml BIO","41853","81","8.68",""
"87374","АФИА ТЪРГОВСКА","АНГАЛ МЕД ТАБЛ. ЗА СМУЧЕНЕ 5МГ/1МГ Х 24","41925","98","7.45",""
"87374","АФИА ТЪРГОВСКА","АНГАЛ ЯГОДА ЗА ДЕЦА ТАБЛ. ЗА СМУЧЕНЕ 5МГ/1МГ Х 24","41926","98","7.45",""
"87374","АФИА ТЪРГОВСКА","АПТАМИЛ 4 400г ПРОНУТРА","41999","65","10.01",""
"87374","АФИА ТЪРГОВСКА","НУРОФЕН ФОРТЕ ТАБЛ.400МГ Х 24","42236","94","8.17",""
"87374","АФИА ТЪРГОВСКА","СЛЪНЧО КАША 4мес. ОРИЗОВА безмлечна 180 г","42328","63","2.37",""
"87374","АФИА ТЪРГОВСКА","БОЧКО ВЛАЖНИ КЪРПИ ПАМУК И ЛАВАНДУЛА КАПАК Х 84","42347","84","1.67",""
"87374","АФИА ТЪРГОВСКА","АПТАМИЛ 1 800г ПРОНУТРА","42367","65","21.16",""
"87374","АФИА ТЪРГОВСКА","ЛАКС сол.7.5мг/мл.20мл.","42429","88","4.17",""
"87374","АФИА ТЪРГОВСКА","ДРОПЛЕКС 4Г/100Г+1Г/100Г КАПКИ ЗА УШИ Р-Р 15МЛ Х 1","42480","101","4.09",""
"87374","АФИА ТЪРГОВСКА","СЛЪНЧО КАША 6мес. ОРИЗОВО МЛЕЧНА С МАНГО,ЯБЪЛКА И БАНАН 200г","42486","63","2.47",""
"87374","АФИА ТЪРГОВСКА","ЛАКАЛУТ ПЗ СЕНЗИТИВ ПАСТА 75 МЛ","42491","81","3.87","2.90"
"87374","АФИА ТЪРГОВСКА","АПТАМИЛ 2 800г ПРОНУТРА","42492","65","21.16",""
"87374","АФИА ТЪРГОВСКА","Сапун КРИСПА БЕБЕ 100 гр","42533","83","0.72",""
"87374","АФИА ТЪРГОВСКА","АПТАМИЛ 3 400г ПРОНУТРА","42534","65","10.01",""
"87374","АФИА ТЪРГОВСКА","АВЕН XERACALM A.D.СВРЪХОБОГАТЕН САПУН 100г AV","42576","83","9.03","6.59"
"87374","АФИА ТЪРГОВСКА","АПТАМИЛ 2 400г ПРОНУТРА","42697","65","10.68",""
"87374","АФИА ТЪРГОВСКА","БЕБО ВЛ. КЪРПИЧКИ АЛОЕ ВЕРА 72бр с капак","42708","84","1.57",""
"87374","АФИА ТЪРГОВСКА","БЕБО ВЛ. КЪРПИЧКИ ЛАЙКА  72бр с капак","42709","84","1.57",""
"87374","АФИА ТЪРГОВСКА","БЕБО ВЛ. КЪРПИЧКИ ЛАВАНДУЛА  90бр с капак","42710","84","1.83",""
"87374","АФИА ТЪРГОВСКА","БЕБО ВЛ.КЪРПИЧКИ SENSITIVE 80бр. С НОВ РИДЖИТ","42711","84","1.72",""
"87374","АФИА ТЪРГОВСКА","БОЧКО МОКРИ КЪРПИ ПАМУК И СМРАДЛИКА Х 84 КАПАК","42745","84","1.67",""
"87374","АФИА ТЪРГОВСКА","АПТАМИЛ 1 400г ПРОНУТРА","42844","65","10.68",""
"87374","АФИА ТЪРГОВСКА","Сапун КРИСПА ДОКТОРСКИ 100гр.","42927","83","1.11",""
"87374","АФИА ТЪРГОВСКА","ВЛ.КЪРПИ PUFIES WW CLEAN&FRESH  с капак 64 бр","43023","84","1.94",""
"87374","АФИА ТЪРГОВСКА","САПУН МИНИ СЪС ЗЕОЛИТ БИОХЕРБА","43057","83","1.40",""
"87374","АФИА ТЪРГОВСКА","БЕБО ВЛ.КЪРПИЧКИ МИЦЕЛАРНА ВОДА 64бр. С КАПАК","43128","84","2.08",""
"87374","АФИА ТЪРГОВСКА","КСАЛЕРГАН 5МГ/МЛ ПЕРОР. КАПКИ 20МЛ Х 1","43431","100","5.17",""
"87374","АФИА ТЪРГОВСКА","ЕЛГИДИУМ ПЗ.ТАЙМЕР ПАСТА ЗА ЗЪБИ 50МЛ.","43434","81","5.88",""
"87374","АФИА ТЪРГОВСКА","ОМАЛГИН тбл.500мг.х20","43468","96","1.05",""
"87374","АФИА ТЪРГОВСКА","EVENT бебешки кърпи АЛОЕ 20бр","43620","84","0.64",""
"87374","АФИА ТЪРГОВСКА","EVENT бебе кърпи АЛОЕ 72","43624","84","1.10",""
"87374","АФИА ТЪРГОВСКА","ЛАРА САПУН 375 МЛ. МАЛИНА","43778","83","1.38",""
"87374","АФИА ТЪРГОВСКА","ЛАРА САПУН 375 МЛ. ЛАЙМ","43780","83","1.38",""
"87374","АФИА ТЪРГОВСКА","САПУН ПРОЛЕТ","43850","83","1.78",""
"87374","АФИА ТЪРГОВСКА","ЛАКАЛУТ ПЗ. АКТИВ  ПЛЮС 75мл","43910","81","4.89",""
"87374","АФИА ТЪРГОВСКА","ЕЛГИДИУМ ПЗ.ЧУВСТВИТЕЛНИ ВЕНЦИ 100МЛ.BIO","43921","81","8.90",""
"87374","АФИА ТЪРГОВСКА","КЕТАЛГО 50МГ ГРАНУЛИ ЗА ПЕРОРАЛЕН Р-Р В САШЕ Х 12","43979","94","6.83",""
"87374","АФИА ТЪРГОВСКА","БЕБО ВЛ.КЪРПИЧКИ С 99% ВОДА х 15БР.","44040","84","0.61",""
"87374","АФИА ТЪРГОВСКА","БЕБО ULTRA SOFT 80бр. ПЛЪТНИ ВЛ. КЪРПИЧКИ х12","44053","84","1.72",""
"87374","АФИА ТЪРГОВСКА","СЛЪНЧО КАША 4мес. БАНАНОВО ЯБЪЛКОВА млечна 200г.","44061","63","2.37",""
"87374","АФИА ТЪРГОВСКА","МОКРИ ПОЧИСТВАЩИ КЪРПИ FAMILY СЕПТОНА 100бр с капак","44073","84","1.82",""
"87374","АФИА ТЪРГОВСКА","ВЛ. КЪРПИ LARA  ЗА ВЪЗРАСТНИ 50 БР.","44255","84","1.68",""
"87374","АФИА ТЪРГОВСКА","ИБУПРОМ СПРИНТ МАКС капс.400мг.х20","44304","94","8.48",""
"87374","АФИА ТЪРГОВСКА","ВЛ.КЪРПИ СЕПТОНА  БЕБЕ ЛАЙКА 80бр с капак","44306","84","1.82",""
"87374","АФИА ТЪРГОВСКА","ВЛ.КЪРПИ EVENT WC КОКОС 60","44409","84","1.38",""
"87374","АФИА ТЪРГОВСКА","ВЛ.КЪРПИ EVENT WC ЛАЙКА 60","44410","84","1.38",""
"87374","АФИА ТЪРГОВСКА","ВЛ.КЪРПИ EVENT WC ЛАЙКА КИДС 60","44411","84","1.38",""
"87374","АФИА ТЪРГОВСКА","ВЛ.КЪРПИ EVENT WC ПАМУК И АЛОЕ 42","44412","84","1.38",""
"87374","АФИА ТЪРГОВСКА","ЧЕРВЕНА БОРОВИНКА филтър х20 FLOSANA","44484","72","1.17",""
"87374","АФИА ТЪРГОВСКА","ЧАЙ ЗА СЪРЦЕ филтър х20 Биопрограма","44545","72","1.00",""
"87374","АФИА ТЪРГОВСКА","СЕНСОДИН паста за зъби COMPLETE PROTECTION + 75МЛ","44620","81","7.76",""
"87374","АФИА ТЪРГОВСКА","АПТАМИЛ 1 800г ЦЕЗАРБИО","44651","65","24.49",""
"87374","АФИА ТЪРГОВСКА","АПТАМИЛ 2 800г ЦЕЗАРБИО","44652","65","23.72",""
"87374","АФИА ТЪРГОВСКА","КСАЛЕРГАН 5МГ ФИЛМ.ТАБЛ. Х 20","44775","100","8.01",""
"87374","АФИА ТЪРГОВСКА","САПУН КРИСПА МЕД+ГЛИЦЕРИН 75Г","44914","83","0.65",""
"87374","АФИА ТЪРГОВСКА","ЛАКАЛУТ ПЗ. МУЛТИ ЕФЕКТ ПЛЮС 75МЛ","44939","81","3.87","2.90"
"87374","АФИА ТЪРГОВСКА","ВЛ.КЪРПИ EVENT антиб.kids х 15 (сини)","45023","84","0.46",""
"87374","АФИА ТЪРГОВСКА","ВЛ.КЪРПИ EVENT антиб.kids х 15(розови)","45024","84","0.46",""
"87374","АФИА ТЪРГОВСКА","ДИКЛАК МАКС 5% ГЕЛ 150Г","45076","95","14.82",""
"87374","АФИА ТЪРГОВСКА","ЧАЙ БРОНХО ПАМ БУТИКОВА СЕРИЯ филтър х20","45122","72","4.10",""
"87374","АФИА ТЪРГОВСКА","СЕНСОДИН паста за зъби sensivity and gum  WHITE 75ml","45138","81","7.76",""
"87374","АФИА ТЪРГОВСКА","БОЧКО ВЛАЖНИ КЪРПИ ПАМУК И НЕВЕН КАПАК Х 84","45159","84","1.75",""
"87374","АФИА ТЪРГОВСКА","ВЛ.КЪРПИ СЕПТОНА  БЕБЕ АЛОЕ 60бр","45177","84","1.37",""
"87374","АФИА ТЪРГОВСКА","ЛАКАЛУТ ПЗ ПЪРФЕКТ УАЙТ 75МЛ","45353","81","3.87","2.90"
"87374","АФИА ТЪРГОВСКА","НОВАЛАК RICE AR мляко 400г.","45477","65","15.75",""
"87374","АФИА ТЪРГОВСКА","САПУН ЖЕН-ШЕН 60г.","45586","83","0.69",""
"87374","АФИА ТЪРГОВСКА","ИБУЛЕК 200МГ САШЕТА Х 10","45604","94","4.39",""
"87374","АФИА ТЪРГОВСКА","ВЛ. КЪРПИ LARA x 80 бр. лайка","45709","84","1.17",""
"87374","АФИА ТЪРГОВСКА","АКВАФРЕШ паста за зъби All in One Crystal  Whit 100ml","45747","81","2.85",""
"87374","АФИА ТЪРГОВСКА","ВЛ. КЪРПИ PAMPERS fresh clean  х 52","45874","84","1.53",""
"87374","АФИА ТЪРГОВСКА","АРОМА САПУН ТЕЧЕН WHITE BLOSSOM за чувст.кожа 400мл.+100мл.П","45917","83","1.69",""
"87374","АФИА ТЪРГОВСКА","ЧЗ ТРИЗА FOCUS SOFT","45930","80","0.90",""
"87374","АФИА ТЪРГОВСКА","ЧЗ ТРИЗА SMILE SOFT /SWISS CLEAN/","45931","80","0.86",""
"87374","АФИА ТЪРГОВСКА","ЧАЙ ФИЛТЪР AHMAD СПЕЦ.СЕЛ. БЕЗКОФЕИН x 20","45977","72","3.31",""
"87374","АФИА ТЪРГОВСКА","ИБУТОП КРЕМ 100 гр","46049","94","9.14",""
"87374","АФИА ТЪРГОВСКА","РЕСПИФОРТИН 600 MG ACETYLCYSTEINE, ЕФ. ТАБЛ. Х 10","46051","99","7.65",""
"87374","АФИА ТЪРГОВСКА","СЕНСОДИН паста за зъби антикариес 75ml","46150","81","5.50","3.85"
"87374","АФИА ТЪРГОВСКА","ВЛ.КЪРПИ EVENT антибакт. невен x30","46202","84","0.70",""
"87374","АФИА ТЪРГОВСКА","ПАРАБОЛ МАКС 400МГ КАПС. Х 10","46205","94","4.48",""
"87374","АФИА ТЪРГОВСКА","EVENT бебешки кърпи ВОДА  20бр","46233","84","0.64",""
"87374","АФИА ТЪРГОВСКА","EVENT бебешки кърпи ВОДА 60бр","46234","84","1.66",""
"87374","АФИА ТЪРГОВСКА","EVENT бебешки кърпи SOFT 3в1  20бр","46235","84","0.61",""
"87374","АФИА ТЪРГОВСКА","EVENT бебешки кърпи SOFT 3в1  84бр","46236","84","1.66",""
"87374","АФИА ТЪРГОВСКА","НОВАЛАК ALLERNOVA AR 400Г","46248","65","16.18",""
"87374","АФИА ТЪРГОВСКА","ТРАКТУС 600МГ ПРАХ ЗА ПЕРОРАЛЕН Р-Р В САШЕ Х 10","46321","99","6.47",""
"87374","АФИА ТЪРГОВСКА","СЕНСОДИН паста за зъби PRONAMEL JUNIOR 50ML.","46356","81","4.54",""
"87374","АФИА ТЪРГОВСКА","АНАЛГИН ТАБЛ.500МГ Х 30","46420","96","2.29",""
"87374","АФИА ТЪРГОВСКА","ИБУПРОМ ФОРТЕ 400МГ ФИЛМ.ТАБЛ. Х 12","46531","94","3.53",""
"87374","АФИА ТЪРГОВСКА","БЕБО ВЛ. КЪРПИЧКИ ЛАЙКА  15бр","46594","84","0.46",""
"87374","АФИА ТЪРГОВСКА","ТЕО БЕБЕ МОКРИ КЪРПИЧКИ ЛАВАНДУЛА 72 бр","46841","84","1.56",""
"87374","АФИА ТЪРГОВСКА","ВЛ.КЪРПИ PALOMITA БЕБЕ 72+28 С КАПАК","46845","84","1.52",""
"87374","АФИА ТЪРГОВСКА","ВЛ. КЪРПИ BABY BEBELAN 99.6% вода х 64","46924","84","1.89",""
"87374","АФИА ТЪРГОВСКА","ДИКЛАК 12 ЧАСА 23,2 мг/г гел 50гр","46946","95","8.58",""
"87374","АФИА ТЪРГОВСКА","ДИКЛАК 12 ЧАСА 2.32% мг/г 100гр","47003","95","11.74",""
"87374","АФИА ТЪРГОВСКА","ЧАЙ ЧЕРЕН ФИЛТЪР Х20 БИОПРОГРАМА","37135","72","0.80",""
"87374","АФИА ТЪРГОВСКА","ВЛ.КЪРПИ EVENT антибакт. невен x140","47097","84","2.05",""
"87374","АФИА ТЪРГОВСКА","БУСКОЛИЗИН обв. тб. 10мг х 30","47308","87","3.99","3.39"
"87374","АФИА ТЪРГОВСКА","ЕЛГИДИУМ ПЗ.DECAY PROTECTION  АНТИКАРИЕС 75ml","47347","81","7.21",""
"87374","АФИА ТЪРГОВСКА","ОЛИНТ DUO наз.спрей 1мг/мл.+50мг/мл.10мл.","47405","97","6.12",""
"87374","АФИА ТЪРГОВСКА","ВЛ.КЪРПИ EVENT антибакт. лайка x72","47433","84","1.10",""
"87374","АФИА ТЪРГОВСКА","АГИВА Гъба за баня сапун на перли Лайм FRUIT SALAD","47434","83","2.50",""
"87374","АФИА ТЪРГОВСКА","ОРОФАР ИНТЕНС 8,75МГ/ДОЗА СПРЕЙ 15МЛ","47436","98","7.65",""
"87374","АФИА ТЪРГОВСКА","ВЛ.КЪРПИ EVENT бебешки лайка x72","47437","84","1.10",""
"87374","АФИА ТЪРГОВСКА","ПЗ.БИЛКА МЕД 75 МЛ.","47443","81","2.36",""
"87374","АФИА ТЪРГОВСКА","САПУН EvBABY VIT.F 90г","47483","83","0.61",""
"87374","АФИА ТЪРГОВСКА","ДУЛКОЛАКС 10МГ СУПОЗИТОРИИ Х6","47553","88","5.86",""
"87374","АФИА ТЪРГОВСКА","БЕБО ВЛ.КЪРПИЧКИ НОВОРОДЕНО  64бр. С КАПАК","47635","84","1.82",""
"87374","АФИА ТЪРГОВСКА","СЕНСОДИН паста за зъби CLINICAL REPAIR 75ML","47644","81","7.76",""
"87374","АФИА ТЪРГОВСКА","ДЕВА DNB ШАМПОАН ХИНИН + АРГАН 500МЛ.","47849","82","2.19",""
"87374","АФИА ТЪРГОВСКА","АРОМА ШАМПОАН НАТУРАЛ АЛОЕ МЛЯКО 400мл.","47852","82","2.03",""
"87374","АФИА ТЪРГОВСКА","СЕНСОДИН паста за зъби PRONAMEL KIDS 2-6 50ML.","47904","81","4.54",""
"87374","АФИА ТЪРГОВСКА","ЧАЙ СЕНА АФИА  филтър","48050","72","1.99",""
"87374","АФИА ТЪРГОВСКА","ЧАЙ ЛАЙКА АФИА  филтър","48051","72","1.99",""
"87374","АФИА ТЪРГОВСКА","ЧАЙ ДЕТОКС И ИМУНИТЕТ АФИА  филтър","48052","72","1.99",""
"87374","АФИА ТЪРГОВСКА","ЧАЙ СЛАБИТЕЛЕН АФИА  филтър","48053","72","1.99",""
"87374","АФИА ТЪРГОВСКА","ВОЛТАРЕН 140МГ ЛЕЧЕБЕН ПЛАСТИР Х 5","48138","95","17.36","13.89"
"87374","АФИА ТЪРГОВСКА","ВЛ. КЪРПИ LARA АКВА 99,5% БИОРАЗГР. x 72 БР.","48158","84","1.69",""
"87374","АФИА ТЪРГОВСКА","ХИП 4 КОМБ.МЛ.МАЛКИ ДЕЦА 500 ГР.","48182","65","12.08",""
"87374","АФИА ТЪРГОВСКА","АВЕН CLEANANCE ПОЧИСТВАЩ САПУН 100ГР. AV","48307","83","7.63","5.57"
"87374","АФИА ТЪРГОВСКА","СТРЕПСИЛС ИНТЕНЗИВ МЕД И ЕВКАЛИПТ ТАБЛ. Х 16","48369","98","5.73",""
"87374","АФИА ТЪРГОВСКА","КЕТАЛГО 25мг 10 табл.","48378","94","5.14",""
"87374","АФИА ТЪРГОВСКА","АКВАФРЕШ паста за зъби PLUS VISIBLE WHITE 75МЛ.","48413","81","2.81","2.11"
"87374","АФИА ТЪРГОВСКА","АКВАФРЕШ паста за зъби PLUS FRESH FEEL 75МЛ.","48414","81","2.81","2.11"
"87374","АФИА ТЪРГОВСКА","СЕНСОДИН паста за зъбиЗ REPAIR & PROTECT WHITENING 75ML","48480","81","7.76",""
"87374","АФИА ТЪРГОВСКА","СЕНСОДИН паста за зъби CLINICAL REPAIR WHITE 75ML","48481","81","7.76",""
"87374","АФИА ТЪРГОВСКА","СЕНСОДИН паста за зъби COMPLETE PROTECTION WHITE 75ML","48482","81","7.76",""
"87374","АФИА ТЪРГОВСКА","ВЛ. КЪРПИ BABY BEBELAN ЛАЙКА+АЛОЕ с капак х 64","48486","84","1.53",""
"87374","АФИА ТЪРГОВСКА","ВЛ. КЪРПИ BABY BEBELAN СМРАДЛИКА+ЛАЙКА с капак х 64","48487","84","1.53",""
"87374","АФИА ТЪРГОВСКА","АКВАФРЕШ паста за зъби mild &minti 125 ml.","48514","81","2.69",""
"87374","АФИА ТЪРГОВСКА","БИЛКА НЕВЕН ШАМПОАН ЗА КОСА 400МЛ.","48554","82","3.33",""
"87374","АФИА ТЪРГОВСКА","МУСТЕЛА МОКРИ КЪРПИЧКИ С ВОДА БЕЗ ПАРФЮМ Х 60","48570","84","5.92",""
"87374","АФИА ТЪРГОВСКА","ЕЛГИДИУМ ЧЗ 4в1 S","48692","80","10.46",""
"87374","АФИА ТЪРГОВСКА","ЛАКСАКОДИЛ 5МГ СУ ТАБЛ. Х 30","48727","88","2.21",""
"87374","АФИА ТЪРГОВСКА","НОВАЛАК 1 адапт.мляк кърмач. 800г./0-6мес./","48740","65","19.44",""
"87374","АФИА ТЪРГОВСКА","ОКЛИС ЕКСПРЕС 400 мг x 10 сашети","48782","94","5.71",""
"87374","АФИА ТЪРГОВСКА","ЕНТЕРОЛ ФОРТЕ саше 500мг х 10","49046","89","9.82",""
"87374","АФИА ТЪРГОВСКА","ОКЛИС ЕКСПРЕС 400 мг x 20 сашети","49081","94","9.53",""
"87374","АФИА ТЪРГОВСКА","НУРОФЕН ЕКСПРЕС ФОРТЕ КОМПАКТ 400МГ КАПС. Х 10","49172","94","6.12",""
"87374","АФИА ТЪРГОВСКА","НУРОФЕН ЕКСПРЕС ФОРТЕ КОМПАКТ 400МГ КАПС. Х 20","49173","94","10.67",""
"87374","АФИА ТЪРГОВСКА","АКВАФРЕШ паста за зъби DEEP CLEAN WHITE RENEW 75ML","49246","81","3.52","2.64"
"87374","АФИА ТЪРГОВСКА","GERBER КАША МАНГО БАНАН 240ГР.","49265","63","3.79",""
"87374","АФИА ТЪРГОВСКА","GERBER КАША ЙОГ.БАН.КРУША 240ГР","49266","63","3.79",""
"87374","АФИА ТЪРГОВСКА","GERBER 2929 ПЮРЕ СУПА КАРФИОЛ И ЗАЕК 190","49272","64","1.74",""
"87374","АФИА ТЪРГОВСКА","GERBER 7214 ПЮРЕ ЗЕЛЕНЧ. С ТЕЛЕШКО И МАКАРОНИ 190ГР","49273","64","1.74",""
"87374","АФИА ТЪРГОВСКА","GERBER 7889 ПЮРЕ РИЗОТО ПУЙКА ЗЕЛ. 250ГР","49274","64","2.20",""
"87374","АФИА ТЪРГОВСКА","АДАПТ. МЛЯКО NAN 1 OPTIPRO 400ГР","49280","65","12.59",""
"87374","АФИА ТЪРГОВСКА","АДАПТ. МЛЯКО NAN 2 OPTIPRO 400ГР","49281","65","12.57",""
"87374","АФИА ТЪРГОВСКА","АДАПТ. МЛЯКО NAN 3 OPTIPRO 400ГР","49282","65","10.38",""
"87374","АФИА ТЪРГОВСКА","АДАПТ. МЛЯКО NAN COMFORT 400ГР","49283","65","15.08",""
"87374","АФИА ТЪРГОВСКА","ПАРАБОЛ МАКС 400МГ КАПС. Х 20","49296","94","8.63",""
"87374","АФИА ТЪРГОВСКА","НОВАЛАК 2 адапт.мляк кърмач. 800г./6-12мес./","49320","65","18.78",""
"87374","АФИА ТЪРГОВСКА","ОТОФИКС 40МГ/Г + 10МГ/Г КАПКИ ЗА УШИ 15МЛ Х 1","49354","101","3.88",""
"87374","АФИА ТЪРГОВСКА","СЕНСОДИН паста за зъби CAVITY  75ml","49375","81","5.10",""
"87374","АФИА ТЪРГОВСКА","ХИП 1 ORGANIC АДАПТ. МЛЯКО 600ГР.","49423","65","13.63",""
"87374","АФИА ТЪРГОВСКА","ХИП 2 ORGANIC АДАПТ. МЛЯКО 600ГР.","49424","65","13.63",""
"87374","АФИА ТЪРГОВСКА","СЕНСОДИН паста за зъби CAVITY + SENSITIVITY 75ml","49449","81","5.10",""
"87374","АФИА ТЪРГОВСКА","ЕФИЗОЛ ИНТЕНЗ 8,75МГ ТАБЛ. ЗА СМУЧЕНЕ Х 24","49588","98","6.39","5.56"
"87374","АФИА ТЪРГОВСКА","НОВАЛАК AR ДАЙДЖЕСТ+ АДАПТИР.МЛЯКО 400гр","49605","65","14.85",""
"87374","АФИА ТЪРГОВСКА","ЧАЙ С ЛАЙКА И АНАСОН БИО 20 ФИЛ.ПАК./MANZANILLA","49697","72","3.13",""
"87374","АФИА ТЪРГОВСКА","КУРАПРОКС ПЗ Enzycal 950;  10 ml","49711","81","2.39",""
"87374","АФИА ТЪРГОВСКА","МОБИЛАТ ЕМУЛГЕЛ 2,32% ГЕЛ 180Г Х 1","49715","95","19.10",""
"87374","АФИА ТЪРГОВСКА","АРОМА ШАМПОАН НАТУРАЛ ЯЙЧЕН 400мл.","49799","82","1.86",""
"07079","АФИА ГЛАДСТОН","ГЕЛОМИРТОЛ ФОРТЕ КАПС.300МГ Х 20","1336","99","8.64",""
"07079","АФИА ГЛАДСТОН","АЦЦ 200 ПРАХЧЕТА 200МГ Х 20","1338","99","6.97",""
"07079","АФИА ГЛАДСТОН","АЦЕТИЗАЛ  ТАБЛ. 500МГ Х 20 АК","1747","96","1.40",""
"07079","АФИА ГЛАДСТОН","АЛКА-ЗЕЛЦЕР ЕФ.ТАБЛ. 324МГ Х 10","1750","96","3.02",""
"07079","АФИА ГЛАДСТОН","БЕНАЛГИН ТАБЛ. Х 20","1767","96","2.86",""
"07079","АФИА ГЛАДСТОН","АЛЕРГОЗАН ДРАЖ. 25МГ Х 20","1896","91","3.71",""
"07079","АФИА ГЛАДСТОН","АЛМАГЕЛ СУСП. 170МЛ","2036","86","2.55",""
"07079","АФИА ГЛАДСТОН","БИЗАКОДИЛ СУПОЗ. 10МГ Х 6","2041","88","3.15",""
"07079","АФИА ГЛАДСТОН","БИЗАЛАКС ТАБЛ. 5 МГ Х 30","2043","88","2.44",""
"07079","АФИА ГЛАДСТОН","ФЕНОЛАКС ДРАЖ. 5МГ Х 30","2069","88","1.72",""
"07079","АФИА ГЛАДСТОН","ИМОДИУМ КАПС. 2МГ Х 6","2078","89","3.51",""
"07079","АФИА ГЛАДСТОН","СПАЗМАЛГОН ТАБЛ. Х 20","2096","87","3.82","3.63"
"07079","АФИА ГЛАДСТОН","ТАЛЦИД ТАБЛ. 500МГ Х 20","2099","86","4.19",""
"07079","АФИА ГЛАДСТОН","ОТИПАКС СОЛ. 15МЛ","2273","101","3.98",""
"07079","АФИА ГЛАДСТОН","ИБУТОП ГЕЛ 50ГР","2322","94","5.56",""
"07079","АФИА ГЛАДСТОН","РЕПАРИЛ ГЕЛ N 40Г","2341","95","6.12",""
"07079","АФИА ГЛАДСТОН","ВОЛТАРЕН ЕМУЛГЕЛ 1,16% 50ГР","2348","95","6.32","4.99"
"07079","АФИА ГЛАДСТОН","АЛЕРГОЗАН КРЕМ 18Г","2359","91","4.03",""
"07079","АФИА ГЛАДСТОН","АЛЕРГОЗАН УНГВ. 18Г","2360","91","4.02",""
"07079","АФИА ГЛАДСТОН","ЕКЗОДЕРИЛ 1%  КРЕМ 15ГР","2409","90","6.08",""
"07079","АФИА ГЛАДСТОН","ЕКЗОДЕРИЛ 1%  СОЛ. 10МЛ","2410","90","7.51",""
"07079","АФИА ГЛАДСТОН","ЙОДАСЕПТ УНГВ. 90Г","2430","92","4.60",""
"07079","АФИА ГЛАДСТОН","ЧАЙ САНИЕ СВЕТЛОЗЕЛЕН ФИЛТЪР Х 30TNT21","3089","72","3.54",""
"07079","АФИА ГЛАДСТОН","ЧАЙ УСПОКОИТЕЛЕН ФИЛТЪР 1,5ГР Х 20 ЕВЕЛИН","3090","72","2.25",""
"07079","АФИА ГЛАДСТОН","ЧАЙ БЕБЕЗАН ФИЛТЪР 1,5ГР Х 20 ЕВЕЛИН","3098","72","2.27",""
"07079","АФИА ГЛАДСТОН","ЧАЙ БРОНХОЛИН ФИЛТЪР Х 20 ЕВЕЛИН","3100","72","2.20",""
"07079","АФИА ГЛАДСТОН","АДАПТ. МЛЯКО ФРИЗОВОМ 400ГР","3115","65","12.37",""
"07079","АФИА ГЛАДСТОН","АДАПТ. МЛЯКО ФРИЗОЛАК 1 400ГР + ЛЪЖИЧКА","3118","65","9.28",""
"07079","АФИА ГЛАДСТОН","ЛАКАЛУТ ПЗ. АКТИВ 75мл","3429","81","3.87","2.90"
"07079","АФИА ГЛАДСТОН","АКВАФРЕШ паста за зъби детска 3-5 години little teeth","3433","81","3.52",""
"07079","АФИА ГЛАДСТОН","АДАПТ. МЛЯКО НАН НА 400Г 0-12 МЕСЕЦА","3638","65","13.29",""
"07079","АФИА ГЛАДСТОН","АКВАФРЕШ паста за зъби fresh&minty125ml синя","3930","81","2.69",""
"07079","АФИА ГЛАДСТОН","АНАЛГИН ТАБЛ. 500МГ 2 Х 10 СФ","4202","96","1.67",""
"07079","АФИА ГЛАДСТОН","ПАРОДОНТАКС паста за зъби F 75МЛ","4271","81","5.46",""
"07079","АФИА ГЛАДСТОН","ТРОМБО ASS 100МГ Х 30 ГЕРОТ","4322","96","1.38",""
"07079","АФИА ГЛАДСТОН","ДИКЛАК МАКС ГЕЛ 5% 50Г","4407","95","7.15",""
"07079","АФИА ГЛАДСТОН","ЛОПЕДИУМ КАПС. 2МГ Х 10","4440","89","3.56",""
"07079","АФИА ГЛАДСТОН","МИРТОЛ КАПС.120МГ Х 20","4966","99","4.80",""
"07079","АФИА ГЛАДСТОН","ЕЛГИДИУМ ПЗ.АНТИПЛАКА 75ml","5207","81","6.53",""
"07079","АФИА ГЛАДСТОН","НУРОФЕН ТАБЛ. 200МГ Х 12","5237","94","3.39",""
"07079","АФИА ГЛАДСТОН","ЕЛГИДИУМ ПЗ.ИЗБЕЛВАЩА 75ml","5605","81","7.21",""
"07079","АФИА ГЛАДСТОН","ДАВ сапун exfoliating 100g","5666","83","1.31",""
"07079","АФИА ГЛАДСТОН","НУРОФЕН СУСП. 100МГ/5МЛ 100МЛ /ПОРТОКАЛ/","5803","94","4.54",""
"07079","АФИА ГЛАДСТОН","ДАВ сапун original cream bar 100g","5857","83","1.73",""
"07079","АФИА ГЛАДСТОН","ЕУСЕРИН ph5.5 сапун за чувств.кожа","6078","83","4.08",""
"07079","АФИА ГЛАДСТОН","КСИЗАЛ ТАБЛ. 5МГ Х 20","6448","100","11.23",""
"07079","АФИА ГЛАДСТОН","КСИЗАЛ ТАБЛ. 5МГ Х 7","6502","100","4.49",""
"07079","АФИА ГЛАДСТОН","ПСИЛО-БАЛСАМ ГЕЛ 20ГР","6551","91","5.93",""
"07079","АФИА ГЛАДСТОН","АСПИРИН ПРОТЕКТ ТАБЛ. 100МГ Х 40","6576","96","3.06",""
"07079","АФИА ГЛАДСТОН","ПАРОДОНТАКС паста за зъби КЛАСИК /БЕЗ ФЛУОРИД/ 75МЛ","7138","81","5.46",""
"07079","АФИА ГЛАДСТОН","КАЛМАБЕН ТАБЛ. Х 10","7500","91","3.13",""
"07079","АФИА ГЛАДСТОН","МУКОНАЗАЛ ПЛЮС СПРЕЙ 10МЛ","7593","97","6.43",""
"07079","АФИА ГЛАДСТОН","КАЛМАБЕН ТАБЛ. Х 20","7600","91","5.52",""
"07079","АФИА ГЛАДСТОН","АКВАФРЕШ четка за зъби standart family","8489","80","0.96",""
"07079","АФИА ГЛАДСТОН","ХЕКСАЛГИН СОЛ.500МГ/МЛ 20МЛ","8491","96","5.31",""
"07079","АФИА ГЛАДСТОН","КЕТОЗАЛ ШАМПОАН 2% 60МЛ   Х","8533","90","7.11","6.40"
"07079","АФИА ГЛАДСТОН","НУРОФЕН ФОРТЕ ТАБЛ.400МГ Х 12","8703","94","4.59",""
"07079","АФИА ГЛАДСТОН","СТРЕПСИЛС ИНТЕНЗИВ ТАБЛ. Х 16","9302","98","5.57",""
"07079","АФИА ГЛАДСТОН","ДИАЛГИН САШЕТИ 1000МГ Х 20 ХИМАКС","9395","96","7.37",""
"07079","АФИА ГЛАДСТОН","ЕЛГИДИУМ ЧЗ.КЛИНИК антиплака S","9696","80","5.95",""
"07079","АФИА ГЛАДСТОН","ДАВ сапун fresh touch 100g","9715","83","1.31",""
"07079","АФИА ГЛАДСТОН","АДАПТ. МЛЯКО ФРИЗО 3 400Г","9775","65","8.10",""
"07079","АФИА ГЛАДСТОН","ЧАЙ ЗА ДИАБЕТИЦИ С КАНЕЛА Ф.20 БИОПРОГРАМА","10065","72","1.00",""
"07079","АФИА ГЛАДСТОН","ДУЛКОЛАКС ПИКО КАПКИ 7,5МГ 15МЛ","10072","88","5.86",""
"07079","АФИА ГЛАДСТОН","ЛАКАЛУТ ПЗ. ИЗБЕЛВАЩА 75МЛ","10221","81","3.87","2.90"
"07079","АФИА ГЛАДСТОН","НУРОФЕН СУСП. 100МГ/5МЛ 100МЛ /ЯГОДА/","10248","94","4.54",""
"07079","АФИА ГЛАДСТОН","БОЧКО САПУН СМРАДЛИКА 75ГР.","10384","83","0.99",""
"07079","АФИА ГЛАДСТОН","ФАМОТИДИН АЛКАЛОИД ТАБЛ. 20МГ Х 20","10842","86","0.97",""
"07079","АФИА ГЛАДСТОН","ВОЛТАРЕН ЕМУЛГЕЛ 1,16% 100ГР","10916","95","10.16","7.99"
"07079","АФИА ГЛАДСТОН","ДИАРОСТАД КАПС. x 10","11014","89","3.36",""
"07079","АФИА ГЛАДСТОН","АКВАФРЕШ четка за зъби DUO clean & flex MEDIUM","11125","80","2.69",""
"07079","АФИА ГЛАДСТОН","СТОПЕРАН КАПС.2МГ Х 8","11131","89","3.27",""
"07079","АФИА ГЛАДСТОН","ЧАЙ ПРИ ГРИП И ПРОСТУДА/СТУД И ЗИМА БИПРОГРАМА","11229","72","1.00",""
"07079","АФИА ГЛАДСТОН","БИОТРЕЙД  АКНЕ АУТ САПУН 100Г","12382","83","6.12",""
"07079","АФИА ГЛАДСТОН","БЕНАЛГИН ТАБЛ. Х 10","12604","96","1.70",""
"07079","АФИА ГЛАДСТОН","ДЕРМОДРИН МАЗ 30ГР","12712","91","3.98",""
"07079","АФИА ГЛАДСТОН","НИЯ САПУН КАТРАНЕН 60ГР","12713","83","0.69",""
"07079","АФИА ГЛАДСТОН","НИЯ САПУН СЕРЕН 60ГР","12714","83","0.69",""
"07079","АФИА ГЛАДСТОН","КСИЗАЛ СОЛ. 5МГ/МЛ 20МЛ","12842","100","5.50",""
"07079","АФИА ГЛАДСТОН","НАЗИК НАЗ.СПРЕЙ ЗА ДЕЦА 10МЛ","12996","97","4.74",""
"07079","АФИА ГЛАДСТОН","ЗЕНАРО ТАБЛ. 5МГ Х 7","13003","100","3.57",""
"07079","АФИА ГЛАДСТОН","МИГ-400 ТАБЛ. 400МГ Х 10","13010","94","2.54",""
"07079","АФИА ГЛАДСТОН","ДИКЛАК МАКС ГЕЛ 5% 100Г","13113","95","8.94",""
"07079","АФИА ГЛАДСТОН","ПАРОДОНТАКС паста за зъби WHITENING 75МЛ","13119","81","5.46",""
"07079","АФИА ГЛАДСТОН","ПРОАЛГИН ТАБЛ. 500МГ Х 20","13407","96","1.28",""
"07079","АФИА ГЛАДСТОН","ФЕЛОРАН гел 1% - 60g  Софарма","13428","95","4.29","3.65"
"07079","АФИА ГЛАДСТОН","НАЗИК НАЗ.СПРЕЙ 10МЛ","13740","97","6.48",""
"07079","АФИА ГЛАДСТОН","АКВАФРЕШ паста за зъби junior 6+ 50ml","13940","81","3.52",""
"07079","АФИА ГЛАДСТОН","РУВЕКСИН ТАБЛ. 325МГ Х 100","13945","96","2.96",""
"07079","АФИА ГЛАДСТОН","АДАПТ. МЛЯКО НАН ОПТИПРО 1 800Г","14239","65","22.85",""
"07079","АФИА ГЛАДСТОН","ЧАЙ БРОНХО ПАМ С ЕХИНАЦЕЯ /ЗЕЛЕН/ ФИЛТЪР Х 30","14306","72","3.63",""
"07079","АФИА ГЛАДСТОН","АСТЕРА PARODONT ACTIVE п.за зъби 75мл.","14726","81","3.21",""
"07079","АФИА ГЛАДСТОН","ПЗ.БИЛКА дент пародонт експерт 75ml","14893","81","2.36",""
"07079","АФИА ГЛАДСТОН","АНАЛГИН ХИН ТАБЛ. 250МГ Х 10","15006","96","1.89",""
"07079","АФИА ГЛАДСТОН","ИМОМЕД ТАБЛ. 2МГ Х 10","15176","89","2.68",""
"07079","АФИА ГЛАДСТОН","СИАФЕН СУСП.100МГ/5МЛ 120МЛ","15215","94","3.61",""
"07079","АФИА ГЛАДСТОН","ДИКЛАК ГЕЛ 1% 50Г","15243","95","6.13",""
"07079","АФИА ГЛАДСТОН","ЛАКАЛУТ ЧЗ. АКТИВ","15427","80","3.87","2.90"
"07079","АФИА ГЛАДСТОН","КАФЕТИН МЕНСТРУАЛ ТАБЛ. 200МГ  Х 10","15432","94","3.26",""
"07079","АФИА ГЛАДСТОН","НУРОФЕН ЕКСПРЕС КАПС. 200МГ Х 10","15451","94","4.59",""
"07079","АФИА ГЛАДСТОН","ДАВ сапун men fresh 100g","15469","83","1.31",""
"07079","АФИА ГЛАДСТОН","АЦЕТИЗАЛ КАРДИО ТАБЛ. 100МГ Х 30","15483","96","1.99",""
"07079","АФИА ГЛАДСТОН","ЕЛГИДИУМ ПЗ. brilliance /за интенз.избелване/","15549","81","8.48",""
"07079","АФИА ГЛАДСТОН","ЕЛГИДИУМ ПЗ.ДЕТСКА bubbles 7-12г 50ml","15613","81","5.09",""
"07079","АФИА ГЛАДСТОН","ЕЛГИДИУМ ПЗ.ДЕТСКА г.плодове 50ml","15614","81","5.09",""
"07079","АФИА ГЛАДСТОН","НИЯ САПУН С ХУМА 60ГР","15629","83","0.69",""
"07079","АФИА ГЛАДСТОН","НУРОФЕН ТАБЛ. 200МГ Х 24","15634","94","5.78",""
"07079","АФИА ГЛАДСТОН","ЙОДАСЕПТ УНГВ. 40Г","15692","92","3.05",""
"07079","АФИА ГЛАДСТОН","ЧАЙ ФИТОЛЕК ГИНКО Х20","15693","72","2.00",""
"07079","АФИА ГЛАДСТОН","ЧАЙ ФИТОЛЕК ЕЛЕГАНС Х20","15695","72","2.00",""
"07079","АФИА ГЛАДСТОН","ЧАЙ ФИТОЛЕК ИМУНО Х20","15696","72","2.00",""
"07079","АФИА ГЛАДСТОН","ЧАЙ ФИТОЛЕК КАРДИО Х20","15697","72","2.00",""
"07079","АФИА ГЛАДСТОН","ЧАЙ ФИТОЛЕК ПРОСТАТА Х 20","15699","72","2.00",""
"07079","АФИА ГЛАДСТОН","ЧАЙ ФИТОЛЕК РЕЛАКС Х 20","15700","72","2.00",""
"07079","АФИА ГЛАДСТОН","ЧАЙ ФИТОЛЕК СЛАБИТЕЛЕН Х 20","15701","72","2.00",""
"07079","АФИА ГЛАДСТОН","ЧАЙ ФИТОЛЕК УРО Х20","15702","72","2.00",""
"07079","АФИА ГЛАДСТОН","ЧАЙ ФИТОЛЕК ФАРИНГО Х 20","15703","72","2.00",""
"07079","АФИА ГЛАДСТОН","ДУЛКОЛАКС ТАБЛ. 5МГ Х 30","15745","88","5.86",""
"07079","АФИА ГЛАДСТОН","ЧАЙ МЕЧО ГРОЗДЕ ФИЛТЪР Х 20 БИОПРОГРАМА","15811","72","1.00",""
"07079","АФИА ГЛАДСТОН","ДИАЛГИН ДЖУНИЪР САШЕ 250МГ Х 5 ХИМАКС","16102","96","1.89",""
"07079","АФИА ГЛАДСТОН","ГЛИМБАКС ОРАЛ 200МЛ","16307","95","9.36",""
"07079","АФИА ГЛАДСТОН","ДАВ сапун supreme creme oil  100г","16326","83","1.31",""
"07079","АФИА ГЛАДСТОН","АЦЕТИЗАЛ КАРДИО ТАБЛ. 100МГ Х 100","16331","96","5.99",""
"07079","АФИА ГЛАДСТОН","СЕНСОДИН паста за зъби REPAIR 75ml","16533","81","7.76",""
"07079","АФИА ГЛАДСТОН","МИГ ЗА ДЕЦА СИРОП 20МГ/МЛ 100МЛ","16551","94","3.76",""
"07079","АФИА ГЛАДСТОН","АЦЕТИЗАЛ КАРДИО ТАБЛ. 75МГ Х 100","16734","96","4.73",""
"07079","АФИА ГЛАДСТОН","БОЧКО САПУН ЛАЙКА 75ГР","16793","83","0.99",""
"07079","АФИА ГЛАДСТОН","АПИРИ ТАБЛ. 100МГ Х 30","16840","96","1.93",""
"07079","АФИА ГЛАДСТОН","ЕЛГИДИУМ ПЗ.СЕНЗИТИВ 75ml","16988","81","6.63",""
"07079","АФИА ГЛАДСТОН","ВОЛТАРЕН ФОРТЕ ГЕЛ 2,32% 50ГР","17051","95","8.96","6.99"
"07079","АФИА ГЛАДСТОН","ЧАЙ БАБИНИ ЗЪБИ ФИЛТЪР Х 20 БИОПРОГРАМА","17074","72","1.19",""
"07079","АФИА ГЛАДСТОН","ЛАКАЛУТ ПЗ. УАЙТ И РИПЕЪР 75МЛ","17078","81","4.89","3.67"
"07079","АФИА ГЛАДСТОН","ДИАЛГИН САШЕТИ 500МГ Х 20 ХИМАКС","17543","96","6.77",""
"07079","АФИА ГЛАДСТОН","ОТИРЕЛАКС СОЛ. 15МЛ","17705","101","4.06",""
"07079","АФИА ГЛАДСТОН","АДАПТ. МЛЯКО ФРИЗОЛАК 2  400ГР + ЛЪЖИЧКА","17765","65","9.08",""
"07079","АФИА ГЛАДСТОН","АКВАФРЕШ паста за зъби fresh&minty  синя 75ml","17840","81","2.03","1.62"
"07079","АФИА ГЛАДСТОН","ЛАКАЛУТ ПЗ. АКТИВ ХЕРБАЛ 75МЛ","17989","81","3.87","2.90"
"07079","АФИА ГЛАДСТОН","ПАРОДОНТАКС паста за зъби EXTRA FRESH 75МЛ","18011","81","5.46",""
"07079","АФИА ГЛАДСТОН","ЕЛГИДИУМ ПЗ.ДЕТСКА свежа ягода 50ml","18223","81","5.09",""
"07079","АФИА ГЛАДСТОН","ЧАЙ ФИТОЛЕК ГАСТРО Х20","18338","72","2.00",""
"07079","АФИА ГЛАДСТОН","ЕЛГИДИУМ ПЗ.АНТИКАРИЕС 75ml","18398","81","6.07",""
"07079","АФИА ГЛАДСТОН","СЕНСОДИН паста за зъби PROTECT&REPAIR WHITENING 75МЛ","18419","81","6.80",""
"07079","АФИА ГЛАДСТОН","НУРОФЕН ЕКСПРЕС ФОРТЕ КАПС. 400МГ Х 10","18430","94","5.43",""
"07079","АФИА ГЛАДСТОН","ЧАЙ ВЪЛШЕБНИК филтър х20 БИОПРОГРАМА","18452","72","1.25",""
"07079","АФИА ГЛАДСТОН","ЧАЙ МАТОЧИНА ФИЛТЪР Х16 БИЛЕК","18583","72","1.56",""
"07079","АФИА ГЛАДСТОН","ЧАЙ БРОНХОЛЕК ГРЪДЕН Ф.Х 16","18584","72","1.68",""
"07079","АФИА ГЛАДСТОН","ЛАКТАНА БИО 1 адпт. мляко 600гр.","18647","65","18.52",""
"07079","АФИА ГЛАДСТОН","АНАЛГИН КАПКИ 500МГ/МЛ 20МЛ СФ","18658","96","3.22",""
"07079","АФИА ГЛАДСТОН","ЧАЙ ФИТОЛЕК ЛАКТО Х20","18690","72","2.00",""
"07079","АФИА ГЛАДСТОН","НУРОФЕН ФЕМИНА ФОРТЕ табл.х 12","18693","94","5.43",""
"07079","АФИА ГЛАДСТОН","ПЗ.БИЛКА дент експерт избелваща 75ml","18765","81","2.51",""
"07079","АФИА ГЛАДСТОН","ДАВ сапун go fresh restore 100g","18766","83","1.31",""
"07079","АФИА ГЛАДСТОН","ФЕЛОРАН ФОРТЕ ГЕЛ 5% 40ГР","18775","95","5.50","4.68"
"07079","АФИА ГЛАДСТОН","БИЗАКОДИЛ СОФАРМА СУПОЗ. 5МГ Х 6","18919","88","2.35",""
"07079","АФИА ГЛАДСТОН","БИОРИПЕЪР пз night repair 75ml","18969","81","4.55",""
"07079","АФИА ГЛАДСТОН","БИОРИПЕЪР пз Junior  ЯГОДА 50ml","18970","81","3.04",""
"07079","АФИА ГЛАДСТОН","ЧАЙ МЕНТА ФИЛТЪР Х 20 БИОПРОГРАМА","19084","72","0.96",""
"07079","АФИА ГЛАДСТОН","ЧАЙ ФИТОЛЕК ДИАБЕТ","19312","72","2.00",""
"07079","АФИА ГЛАДСТОН","БОЧКО САПУН НЕВЕН 75ГР","19341","83","0.99",""
"07079","АФИА ГЛАДСТОН","БОЧКО САПУН ЛАВАНДУЛА 75ГР","19342","83","0.99",""
"07079","АФИА ГЛАДСТОН","ЕЛГИДИУМ ЧЗ.diffusion S","19382","80","5.95",""
"07079","АФИА ГЛАДСТОН","ЕЛГИДИУМ ЧЗ.избелваща S","19392","80","6.34",""
"07079","АФИА ГЛАДСТОН","ЧАЙ БИОБРОНХО ФИЛТЪР Х 20 БИОПРОГРАМА","19513","72","1.00",""
"07079","АФИА ГЛАДСТОН","ЧАЙ ЛАЙКА ФИЛТЪР Х 20 БИОПРОГРАМА","19514","72","0.96",""
"07079","АФИА ГЛАДСТОН","ЧАЙ ЗА БЪБРЕЦИ ПО ЛАМБРЕВ Х 30","19519","72","2.69",""
"07079","АФИА ГЛАДСТОН","ЧАЙ ФИТОЛЕК БРОНХО Х 20","19624","72","2.00",""
"07079","АФИА ГЛАДСТОН","ЧАЙ ЦЯРЪ при бъбречни проблеми х 30","20221","72","3.39",""
"07079","АФИА ГЛАДСТОН","ЧАЙ ЦЯРЪ при кашлица и бронхит х 30","20223","72","3.39",""
"07079","АФИА ГЛАДСТОН","ЧАЙ ЦЯРЪ при киселини в стомаха х 30","20224","72","3.39",""
"07079","АФИА ГЛАДСТОН","ЧАЙ ЦЯРЪ при проблеми на жлъчката х 30","20225","72","3.39",""
"07079","АФИА ГЛАДСТОН","ЧАЙ ЦЯРЪ слабителен х 30","20226","72","3.39",""
"07079","АФИА ГЛАДСТОН","ЧАЙ ЦЯРЪ срещу лошия холестерол х 30","20227","72","3.39",""
"07079","АФИА ГЛАДСТОН","ИМОДИУМ ИНСТАНТ ОРОДИСП. ТАБЛ. 2МГ Х 6","20294","89","4.16",""
"07079","АФИА ГЛАДСТОН","ЧАЙ ЛЕКА НОЩ филтър х20 БИОПРОГРАМА","20307","72","0.80",""
"07079","АФИА ГЛАДСТОН","ДОЛОРЕН ТАБЛ. 200МГ Х 10","20458","94","1.55",""
"07079","АФИА ГЛАДСТОН","НИЯ САПУН КАТРАНЕН+БИЛКИ 60ГР.","20660","83","0.69",""
"07079","АФИА ГЛАДСТОН","ЧАЙ МАТОЧИНА ФИЛТЪР Х 20 БИОПРОГРАМА","20755","72","0.85",""
"07079","АФИА ГЛАДСТОН","ЧАЙ РОДОПСКИ филтър х20 БИОПРОГРАМА","20757","72","0.80",""
"07079","АФИА ГЛАДСТОН","ЧАЙ КАРКАДЕ ФИЛТЪР Х20 АЛИН","20762","72","0.97",""
"07079","АФИА ГЛАДСТОН","ЧАЙ ОТСЛАБВАНЕ филтър х20 БИОПРОГРАМА","20796","72","1.00",""
"07079","АФИА ГЛАДСТОН","ХИП 1 COMBIOTIK адапт.мляко 300г.","20833","64","10.21",""
"07079","АФИА ГЛАДСТОН","ГЪМ четка за зъби technique soft","20848","80","3.33",""
"07079","АФИА ГЛАДСТОН","ВЛ. КЪРПИ BABY BEBELAN СМРАДЛИКА+ЛАЙКА с капак х80","20866","84","1.94",""
"07079","АФИА ГЛАДСТОН","А-ДЕРМА дерматологичен сапун с екстракт от Риалба","21054","83","7.54",""
"07079","АФИА ГЛАДСТОН","ГЪМ четка за зъби activital soft","21076","80","4.85",""
"07079","АФИА ГЛАДСТОН","АЦЦ ЗА ДЕЦА СОЛ 20МГ/МЛ ПЕРОРАЛЕН Р-Р 100МЛ","21657","99","6.85",""
"07079","АФИА ГЛАДСТОН","ДИАЛГИН САШЕТА 1000МГ Х 6 ХИМАКС","21780","96","2.46",""
"07079","АФИА ГЛАДСТОН","ДОЛОРЕН ТАБЛ. 400МГ Х 12","21854","94","2.55",""
"07079","АФИА ГЛАДСТОН","НИЯ САПУН П-В АКНЕ НЕВЕН 60ГР","21884","83","0.69",""
"07079","АФИА ГЛАДСТОН","НИЯ САПУН П-В АКНЕ СМРАДЛИКА 60ГР","21885","83","0.69",""
"07079","АФИА ГЛАДСТОН","САПУН БИРЕН 70г","21886","83","0.69",""
"07079","АФИА ГЛАДСТОН","ЛАКТАНА БИО 2 адпт. мляко 600гр.","21904","65","18.52",""
"07079","АФИА ГЛАДСТОН","ЕЛГИДИУМ ПЗ.АНТИПЛАКА 100ml","21972","81","7.68",""
"07079","АФИА ГЛАДСТОН","АДАПТ. МЛЯКО АПТАМИЛ AR 400ГР","22022","65","14.15",""
"07079","АФИА ГЛАДСТОН","ЧАЙ ФИЛТЪР AHMAD ЧЕРЕН ЧАЙ АНГЛИЙСКА ЗАКУСКА х 20","22072","72","2.95",""
"07079","АФИА ГЛАДСТОН","ЧАЙ ФИЛТЪР AHMAD ЧЕРЕН ЧАЙ ЪРЛ ГРЕЙ х 20","22073","72","2.95",""
"07079","АФИА ГЛАДСТОН","АПТАМИЛ Premature за недоносени деца 400г","22085","65","14.05",""
"07079","АФИА ГЛАДСТОН","АДАПТ. МЛЯКО АПТАМИЛ  БЕЗ ЛАКТОЗА 400ГР","22123","65","11.70",""
"07079","АФИА ГЛАДСТОН","ЧАЙ ЧЕРЕН БЪЗ ФИЛТЪР Х16 БИЛЕК","22353","72","1.68",""
"07079","АФИА ГЛАДСТОН","АЛМИРАЛ ГЕЛ 1,16% 50ГР","22445","95","5.59",""
"07079","АФИА ГЛАДСТОН","АДАПТ. МЛЯКО НАН КОМФОРТИС 1 800Г","22500","65","19.94",""
"07079","АФИА ГЛАДСТОН","ЕЛГИДИУМ ЧЗ.Inspiration S","22681","80","5.95",""
"07079","АФИА ГЛАДСТОН","ДИАЛГИН КАПКИ 500МГ/МЛ 20 МЛ","22854","96","4.18",""
"07079","АФИА ГЛАДСТОН","БОЧКО МОКРИ КЪРПИ ЛАВАНДУЛА Х 64","22865","84","1.20",""
"07079","АФИА ГЛАДСТОН","АДАПТ. МЛЯКО НАН 3 400Г","22871","65","11.43",""
"07079","АФИА ГЛАДСТОН","ИБУТОП КРЕМ 50ГР","22881","94","5.56",""
"07079","АФИА ГЛАДСТОН","ЗЕНАРО ТАБЛ. 5МГ Х 28","22923","100","9.70",""
"07079","АФИА ГЛАДСТОН","ЧАЙ ЛАЙКА ФИЛТЪР Х16 БИЛЕК","22966","72","1.61",""
"07079","АФИА ГЛАДСТОН","ЧАЙ МЕЧО ГРОЗДЕ ФИЛТЪР Х16 БИЛЕК","22967","72","1.61",""
"07079","АФИА ГЛАДСТОН","ТЕО БЕБЕ сапун лавандула 75гр","23016","83","0.86",""
"07079","АФИА ГЛАДСТОН","АДАПТ. МЛЯКО ФРИЗОЛАК ПЕП АС 400ГР","23483","65","15.13",""
"07079","АФИА ГЛАДСТОН","ВЛ. КЪРПИ BABY BEBELAN ЛАЙКА+АЛОЕ с капак х25","23700","84","0.61",""
"07079","АФИА ГЛАДСТОН","ВЛ. КЪРПИ BABY BEBELAN СМРАДЛИКА+ЛАЙКА с капак х25","23701","84","0.61",""
"07079","АФИА ГЛАДСТОН","ХИМАЛАЯ САПУН С НИЙМ И КУРКУМА 75ГР","23777","83","0.99",""
"07079","АФИА ГЛАДСТОН","ВЛ. КЪРПИ BABY BEBELAN НЕВЕН +ЛАЙКА с капак х80","24142","84","1.94",""
"07079","АФИА ГЛАДСТОН","ДАВ сапун кокос 100g","24213","83","1.31",""
"07079","АФИА ГЛАДСТОН","ЧАЙ ФИЛТЪР AHMAD РОЙБОС/КАНЕЛАх 20","24333","72","2.71",""
"07079","АФИА ГЛАДСТОН","ШАМПОАН ХИНИН 500мл.","24460","82","2.66",""
"07079","АФИА ГЛАДСТОН","СТРЕПСИЛС ИНТЕНЗИВ спрей 8.75 mg/dose 15мл","24723","98","8.06",""
"07079","АФИА ГЛАДСТОН","ЕКЗОДЕРИЛ 1%  СОЛ. 20МЛ","25011","90","12.26",""
"07079","АФИА ГЛАДСТОН","САПУН АЛОЕ ВЕРА 60г.","25161","83","0.69",""
"07079","АФИА ГЛАДСТОН","НИЯ САПУН С КОПРИВА 60ГР.","25164","83","0.69",""
"07079","АФИА ГЛАДСТОН","НИЯ САПУН С НЕВЕН 60ГР.","25165","83","0.69",""
"07079","АФИА ГЛАДСТОН","АЦЕЦИС САШЕТА 200МГ Х 20","25316","99","5.10",""
"07079","АФИА ГЛАДСТОН","ЕЛГИДИУМ ПЗ.ДЕТСКА банан 2-6г 50ml","25335","81","5.09",""
"07079","АФИА ГЛАДСТОН","НИЯ САПУН СЪС СМРАДЛИКА 60ГР","25467","83","0.69",""
"07079","АФИА ГЛАДСТОН","АДАПТ. МЛЯКО ФРИЗО 4 400ГР","25541","65","8.63",""
"07079","АФИА ГЛАДСТОН","ЧАЙ МЕНТА ФИЛТЪР Х16 БИЛЕК","25623","72","1.61",""
"07079","АФИА ГЛАДСТОН","ЕЛГИДИУМ ПЗ.ИЗБЕЛВАЩА 75ml лимон","25713","81","7.21",""
"07079","АФИА ГЛАДСТОН","ЧАЙ ФИЛТЪР AHMAD ЧЕРЕН ЧАЙ ЦЕЙЛОН х 20","26073","72","2.95",""
"07079","АФИА ГЛАДСТОН","ЧАЙ ФИЛТЪР AHMAD ПЛОДОВ ПРАСКОВА/МАРАКУЯ  х 20","26074","72","2.95",""
"07079","АФИА ГЛАДСТОН","ЧАЙ ФИЛТЪР AHMAD ПЛОДОВ СЕЛЕКЦИЯ  х 20","26077","72","2.96",""
"07079","АФИА ГЛАДСТОН","АЦЕСАЛ ПРОТЕКТ 100МГ ТАБЛ. Х 40","26085","96","2.96","2.37"
"07079","АФИА ГЛАДСТОН","АДАПТ. МЛЯКО НАН ОПТИПРО 2 800Г","26094","65","20.34",""
"07079","АФИА ГЛАДСТОН","ЗЕРОТРОМБ ТАБЛ. 100МГ Х 30","26128","96","2.49",""
"07079","АФИА ГЛАДСТОН","АЦЦ ЕФ.ТАБЛ. 600МГ Х 10","26148","99","8.64","6.91"
"07079","АФИА ГЛАДСТОН","АКВАФРЕШ паста за зъби intense clean deep action 75 ml","26197","81","3.52","2.64"
"07079","АФИА ГЛАДСТОН","АКВАФРЕШ паста за зъби intense whitening 75 ml","26198","81","3.52","2.64"
"07079","АФИА ГЛАДСТОН","ПАРОДОНТАКС паста за зъби ultra clean 75 ml","26199","81","5.46",""
"07079","АФИА ГЛАДСТОН","НУРОФЕН СУСП. за юноши ягода 200 mg/5ml 100мл","26244","94","5.87",""
"07079","АФИА ГЛАДСТОН","ПАНАКТИВ СУСП. 100МГ/5МЛ 120МЛ","26363","94","3.57",""
"07079","АФИА ГЛАДСТОН","ХИМАЛАЯ САПУН  с краставица 75гр","26570","83","1.12",""
"07079","АФИА ГЛАДСТОН","АДАПТ. МЛЯКО НАН 3 800г","26639","65","19.42",""
"07079","АФИА ГЛАДСТОН","САПУН Докторски","26689","83","1.35",""
"07079","АФИА ГЛАДСТОН","ВЛ. КЪРПИ LARA x 120 бр. лайка","26780","84","1.52",""
"07079","АФИА ГЛАДСТОН","ВЛ. КЪРПИ LARA x 120 бр. гербер","26781","84","1.52",""
"07079","АФИА ГЛАДСТОН","ВЛ. КЪРПИ LARA x 120 бр. алое","26782","84","1.52",""
"07079","АФИА ГЛАДСТОН","ЛАКТАНА БИО 3 адпт. мляко 600гр.","26955","65","15.64",""
"07079","АФИА ГЛАДСТОН","ЧАЙ ЦЯР за пречистване на кръвта  Х30","27072","72","3.39",""
"07079","АФИА ГЛАДСТОН","ЧАЙ ЦЯРЪ ДИАБЕТИЦИ Х30","27159","72","3.39",""
"07079","АФИА ГЛАДСТОН","ИБУРАПИД 400МГ ТАБЛ. Х 10","27217","94","3.95",""
"07079","АФИА ГЛАДСТОН","АЗПИЗАЛ ТАБЛ. 325МГ Х 100","27261","96","2.58",""
"07079","АФИА ГЛАДСТОН","ЛАКАЛУТ ПЗ. АКТИВ 75ml + ЧЕТКA","27410","81","3.87",""
"07079","АФИА ГЛАДСТОН","ХИМАЛАЯ САПУН С МЕД И МЛЯКО 75ГР","27450","83","1.12",""
"07079","АФИА ГЛАДСТОН","НУРОФЕН СУСП. за юноши портокал 200 mg/5ml  100мл","27521","94","6.26",""
"07079","АФИА ГЛАДСТОН","ВЛ. КЪРПИ LARA x 120 бр. лавандула","27579","84","1.52",""
"07079","АФИА ГЛАДСТОН","ПЗ.БИЛКА дент хималайска сол","27618","81","2.22",""
"07079","АФИА ГЛАДСТОН","БИОРИПЕЪР пз Junior 6-12 mint 75 ml","27642","81","3.47",""
"07079","АФИА ГЛАДСТОН","ДИАЛГИН САШЕТА 500mg x 6","27974","96","2.36",""
"07079","АФИА ГЛАДСТОН","ВЛ. КЪРПИ LARA x 120 бр.фамилни + роза","28195","84","1.52",""
"07079","АФИА ГЛАДСТОН","ПЗ.БИЛКА дент хомеопатична дж.+лайм","28291","81","2.51",""
"07079","АФИА ГЛАДСТОН","ПЗ.БИЛКА дент хомеопатична мастиха","28292","81","2.51",""
"07079","АФИА ГЛАДСТОН","ЧАЙ ЦЯР при подагра Х30","28410","72","3.39",""
"07079","АФИА ГЛАДСТОН","ЧАЙ ЦЯР простатит  Х30","28411","72","3.39",""
"07079","АФИА ГЛАДСТОН","ЕКЗОДЕРИЛ 1%  КРЕМ 30ГР","28444","90","9.65",""
"07079","АФИА ГЛАДСТОН","АСПИРИН УЛТРА ТАБЛ. 500МГ Х 20","28454","96","4.72",""
"07079","АФИА ГЛАДСТОН","АСПИРИН УЛТРА ТАБЛ. 500МГ Х 8","28455","96","1.84",""
"07079","АФИА ГЛАДСТОН","ЧАЙ ФИТОЛЕК ЕХИНАЦЕЯ Х20","28467","72","2.00",""
"07079","АФИА ГЛАДСТОН","ХИМАЛАЯ САПУН С БАДЕМ 75ГР","28496","83","1.12",""
"07079","АФИА ГЛАДСТОН","ДЖОНСЪН шампоан лайка 300ml","28660","82","4.49",""
"07079","АФИА ГЛАДСТОН","СТРЕПСИЛС ИНТЕНЗИВ tabl. x 24","28694","98","8.06",""
"07079","АФИА ГЛАДСТОН","АДАПТ. МЛЯКО АПТАМИЛ ADC 400ГР","28964","65","14.57",""
"07079","АФИА ГЛАДСТОН","АЛМИРАЛ ГЕЛ 1,16% 250Г","28978","95","14.46",""
"07079","АФИА ГЛАДСТОН","ВЛ. КЪРПИ LARA x 120 бр.фамилни цитрус","29121","84","1.52",""
"07079","АФИА ГЛАДСТОН","ВЛ. КЪРПИ LARA x 120 бр. премиум","29122","84","1.52",""
"07079","АФИА ГЛАДСТОН","ИБУЛЕК 600МГ САШЕТА Х 10","29538","94","7.32",""
"07079","АФИА ГЛАДСТОН","АСТЕРА PARODONT STOP п.за зъби 75мл.","29847","81","3.21",""
"07079","АФИА ГЛАДСТОН","ВОЛТАРЕН ФОРТЕ ГЕЛ 2,32% 150ГР","29938","95","18.40","14.72"
"07079","АФИА ГЛАДСТОН","СЕНСОДИН паста за зъби RAPID RELIEF 75ml","30004","81","7.76",""
"07079","АФИА ГЛАДСТОН","БИОРИПЕЪР ПЗ PRO WHITE 75ml","30290","81","4.55",""
"07079","АФИА ГЛАДСТОН","ЧАЙ ЛИПА ФИЛТЪР Х16 БИЛЕК","30398","72","1.61",""
"07079","АФИА ГЛАДСТОН","АКАРД ТАБЛ. 75МГ Х 30","30443","96","2.25",""
"07079","АФИА ГЛАДСТОН","ЕЛГИДИУМ ПЗ.АНТИПЛАКА  50мл","30480","81","5.09",""
"07079","АФИА ГЛАДСТОН","СЛЪНЧО КАША 4мес. БАНАНОВА МЛЕЧНА безглутенова 200г.","30687","63","2.50",""
"07079","АФИА ГЛАДСТОН","ИБУЛЕК 400МГ САШЕТА Х 10","30698","94","5.85",""
"07079","АФИА ГЛАДСТОН","СЛЪНЧО КАША 6мес. БИСКВИТЕНО БАНАНОВА млечна 200г.","30699","63","2.65",""
"07079","АФИА ГЛАДСТОН","ЧАЙ ФИЛТЪР AHMAD ЧЕРЕН ЧАЙ АНГЛИЙСКИ X20","30753","72","2.95",""
"07079","АФИА ГЛАДСТОН","АНГАЛ МЕНТОЛ СПРЕЙ 2МГ/МЛ+0,5МГ/МЛ 30МЛ","30922","98","9.74",""
"07079","АФИА ГЛАДСТОН","АНГАЛ МЕНТОЛ ТАБЛ. ЗА СМУЧЕНЕ 5МГ/1МГ Х 24","30923","98","7.45",""
"07079","АФИА ГЛАДСТОН","БИОТРЕЙД  ПЮЪР СКИН ЧЕРЕН ДЕТОКС САПУН 100ГР","31073","83","6.45",""
"07079","АФИА ГЛАДСТОН","СЕНСОДИН четка за зъби gentle care soft","31111","80","4.89",""
"07079","АФИА ГЛАДСТОН","АЦЦ ДИРЕКТ ПРАХ 600МГ Х 10","31211","99","8.69","6.95"
"07079","АФИА ГЛАДСТОН","ВЛ. КЪРПИ LARA x 15 бр. VINTAGE MIX","31213","84","0.26",""
"07079","АФИА ГЛАДСТОН","АЛМИРАЛ ГЕЛ 1,16% 100Г","31255","95","7.60",""
"07079","АФИА ГЛАДСТОН","КСИВОЗАН ТАБЛ. 5МГ Х 10","31346","100","5.21",""
"07079","АФИА ГЛАДСТОН","ОВКО пюре сладък картоф 4+м, 100гр","31432","64","1.02",""
"07079","АФИА ГЛАДСТОН","ОВКО пюре манго с банани 4 м, 190 гр","31433","64","1.14",""
"07079","АФИА ГЛАДСТОН","ОВКО пюре ябълки и моркови 4м, 190гр","31436","64","0.96",""
"07079","АФИА ГЛАДСТОН","ОВКО пюре банан 4м, 190гр","31438","64","1.10",""
"07079","АФИА ГЛАДСТОН","ОВКО пюре манго 4м, 190 гр","31440","64","1.04",""
"07079","АФИА ГЛАДСТОН","ОВКО пюре сливи 4м , 190 гр","31441","64","1.10",""
"07079","АФИА ГЛАДСТОН","ОВКО пюре ябълки и праскови 4м, 190 гр","31442","64","1.15",""
"07079","АФИА ГЛАДСТОН","ОВКО пюре ябълки, кайсии, моркови 4м, 190 гр","31443","64","1.02",""
"07079","АФИА ГЛАДСТОН","ОВКО пюре ябълки, банани и праскови 4м, 190 гр","31444","64","1.10",""
"07079","АФИА ГЛАДСТОН","ОВКО  асорти градински плод 5м, 190 гр","31452","64","1.07",""
"07079","АФИА ГЛАДСТОН","ОВКО пюре тиква с ябълки и моркови 4м, 190гр","31454","64","0.99",""
"07079","АФИА ГЛАДСТОН","ОВКО пюре тиквички с картофи 4м, 190гр","31457","64","1.04",""
"07079","АФИА ГЛАДСТОН","ОВКО мл.каша ябълки и сливи с елда 5м, 190гр","31458","63","1.04",""
"07079","АФИА ГЛАДСТОН","ОВКО мл.каша ябълки, кайсии и овесени ядки 4м, 190гр","31462","63","1.14",""
"07079","АФИА ГЛАДСТОН","ОВКО мл.каша банан, ябълка и бисквити 4м, 190гр","31463","63","1.14",""
"07079","АФИА ГЛАДСТОН","ОВКО мл.каша ябълки,круши и бисквити 4м, 190гр","31464","63","1.14",""
"07079","АФИА ГЛАДСТОН","ОВКО пюре пуешко със зеленчуци 6м, 190гр","31465","64","1.21",""
"07079","АФИА ГЛАДСТОН","ОВКО пюре фин заек и пиле със зеленчуци 6м, 190гр","31467","63","1.53",""
"07079","АФИА ГЛАДСТОН","ОВКО пюре асорти със зеленчуци 4м, 190гр","31468","64","1.02",""
"07079","АФИА ГЛАДСТОН","ОВКО пюре зеленчукова супа с пиле и ориз 6м, 190гр","31469","64","1.26",""
"07079","АФИА ГЛАДСТОН","КЕТОНАЛ КАПС. 50МГ Х 20","31632","94","6.64",""
"07079","АФИА ГЛАДСТОН","ЛАКАЛУТ ПЗ. АНТИ КАРИЕС 75МЛ","32022","81","3.87","2.90"
"07079","АФИА ГЛАДСТОН","НУРОФЕН 7+ за юноши портокал 100мг  дъвч.капс. х 12","32268","94","5.76",""
"07079","АФИА ГЛАДСТОН","АКАРД ТАБЛ. 150МГ Х 30","32390","96","3.37",""
"07079","АФИА ГЛАДСТОН","АКВАФРЕШ паста за зъби fresh&minty  зелена 75ml","32655","81","2.03","1.62"
"07079","АФИА ГЛАДСТОН","МИГ ДЖУНИЪР СИРОП 40МГ/МЛ 100МЛ","32757","94","4.73",""
"07079","АФИА ГЛАДСТОН","АСТЕРА PARODONT ACTIVE ПОМОРИЙСКА ЛУГА п.за зъби 75мл.","32815","81","3.38",""
"07079","АФИА ГЛАДСТОН","ИБУПРОМ НАСТИНКА И ГРИП ЗА ДЕЦА ТАБЛ. 200МГ Х 10","32962","94","3.34",""
"07079","АФИА ГЛАДСТОН","АСТЕРА PARODONT ACTIVE АКТИВЕН ВЪГЛЕН п.за зъби 75мл.","32993","81","3.21",""
"07079","АФИА ГЛАДСТОН","БИОРИПЕЪР ЧЗ SOFT","33066","80","2.61",""
"07079","АФИА ГЛАДСТОН","АНАЛГИН МАКС САШЕ 1000МГ Х 6","33172","96","2.99","2.54"
"07079","АФИА ГЛАДСТОН","ХИП 1 COMBIOTIK адапт.мляко 800г.","33377","65","23.36",""
"07079","АФИА ГЛАДСТОН","ЕЛГИДИУМ ПЗ.мултифункционална 75ml","33411","81","7.21",""
"07079","АФИА ГЛАДСТОН","ЕЛГИДИУМ ПЗ. perioblock  care 75ml","33412","81","7.68",""
"07079","АФИА ГЛАДСТОН","ЕЛГИДИУМ ПЗ.успокояваща за раздразнени венци 75ml","33413","81","7.21",""
"07079","АФИА ГЛАДСТОН","ЛАКАЛУТ ПЗ. АКТИВ & УАЙТ С ЕНЗИМИ 75МЛ","33500","81","4.89",""
"07079","АФИА ГЛАДСТОН","ОВКО пюре зеленчуково 4м , 190 гр","33649","64","1.05",""
"07079","АФИА ГЛАДСТОН","НУРОФЕН лечебен пластир 200mg 2 броя","33678","94","7.40",""
"07079","АФИА ГЛАДСТОН","ИБУПРОМ СПРИНТ МАКС КАПС. 400МГ Х 10","33711","94","4.77",""
"07079","АФИА ГЛАДСТОН","ГЛИМБАКС 0.148 % СПРЕЙ 15ml","33779","95","10.35",""
"07079","АФИА ГЛАДСТОН","ПАРОДОНТАКС паста за зъби herbal 75ml","33794","81","5.46",""
"07079","АФИА ГЛАДСТОН","ПАРОДОНТАКС паста за зъби complete protection  white75ml","33795","81","6.58","4.74"
"07079","АФИА ГЛАДСТОН","ЗЕОЛИТ САПУН 100г.","33945","83","1.77",""
"07079","АФИА ГЛАДСТОН","ЕЛГИДИУМ ПЗ.ДЕТСКА сладка мента 7-12г 50ml","33996","81","5.29",""
"07079","АФИА ГЛАДСТОН","ХИП 2 COMBIOTIK адапт.мляко 800г.","34235","65","23.36",""
"07079","АФИА ГЛАДСТОН","ЧАЙ БЪЗ ЦВЯТ И ЛИМОН  филтър х20 БЧК","34436","72","1.12",""
"07079","АФИА ГЛАДСТОН","ВИТАСИН САПУН с Гераниево масло 70г.","34531","83","1.19",""
"07079","АФИА ГЛАДСТОН","АНАЛГИН МАКС САШЕ 1000МГ Х 20","34552","96","7.99","6.79"
"07079","АФИА ГЛАДСТОН","АПТАМИЛ Comfort 1  Pro Exp 0-6м. 400г","34575","65","13.49",""
"07079","АФИА ГЛАДСТОН","ЕЛГИДИУМ ПЗ.разкриваща плаката 50ml","34576","81","7.06",""
"07079","АФИА ГЛАДСТОН","ЧАЙ ЖЪЛТ КАНТАРИОН ФИЛТЪР Х16","34589","72","1.34",""
"07079","АФИА ГЛАДСТОН","АКВАФРЕШ паста за зъби ACTIVE WHITE 125ml","34623","81","2.69",""
"07079","АФИА ГЛАДСТОН","АКВАФРЕШ паста за зъби деца 9-12 75ml","34624","81","3.52",""
"07079","АФИА ГЛАДСТОН","ЧАЙ ФИЛТЪР AHMAD ЧЕРЕН ЧАЙ СПАЙС X20","34630","72","2.95",""
"07079","АФИА ГЛАДСТОН","АПТАМИЛ Comfort 2  Pro Exp 6+м. 400г","34632","65","13.44",""
"07079","АФИА ГЛАДСТОН","АДАПТ. МЛЯКО ФРИЗОЛАК LF 400ГР","34712","65","11.35",""
"07079","АФИА ГЛАДСТОН","ИБУПРОМ СПРИНТ 200МГ Х10","34772","94","3.92",""
"07079","АФИА ГЛАДСТОН","СТРЕПСИЛС ИНТЕНЗИВ ПОРТОКАЛ таблетки*16","34866","98","5.73",""
"07079","АФИА ГЛАДСТОН","ЧАЙ ЖЪЛТ КАНТАРИОН филтър х 20 БИОПРОГРАМА","34909","72","0.90",""
"07079","АФИА ГЛАДСТОН","ПАНАКТИВ ФОРТЕ СУСП. 200МГ/5МЛ 40МЛ","35058","94","2.83",""
"07079","АФИА ГЛАДСТОН","БЕНАЛГИН РАПИД ПРАХ ЗА ПЕРОР.Р-Р САШЕ Х 10","35202","96","3.92",""
"07079","АФИА ГЛАДСТОН","ЛАКАЛУТ ПЗ.СЕНЗИТИВ & УАЙТ С ЕНЗИМИ 75 МЛ.","35216","81","4.89",""
"07079","АФИА ГЛАДСТОН","СЕНСОДИН паста за зъби sensivity and gum 75ml","35268","81","7.76",""
"07079","АФИА ГЛАДСТОН","КЕТОНАЛ ИНТЕНЗИВ САШЕ 50МГ Х 12","35306","94","7.66",""
"07079","АФИА ГЛАДСТОН","ПЗ ПОМОРИН АКТИВ ПАРОДОНТИТ","35426","81","1.77",""
"07079","АФИА ГЛАДСТОН","ЧАЙ ФИЛТЪР AHMAD ХРАНОСМИЛАНЕ","35651","72","2.85",""
"07079","АФИА ГЛАДСТОН","ЧАЙ ФИЛТЪР AHMAD СЪН","35652","72","2.85",""
"07079","АФИА ГЛАДСТОН","ЕНТЕРОЛ прахчета 250мг.*20","35681","89","13.28",""
"07079","АФИА ГЛАДСТОН","АКВАФРЕШ паста за зъби splash деца 3-8 г.","35790","81","3.52",""
"07079","АФИА ГЛАДСТОН","АДАПТ. МЛЯКО АПТАМИЛ AR2 400ГР","35818","65","13.76",""
"07079","АФИА ГЛАДСТОН","ЕНТЕРОЛ КАПС. 250МГ Х 12","35837","89","6.94",""
"07079","АФИА ГЛАДСТОН","АРОМА САПУН АНТИБАКТЕРИАЛЕН ВЪГЛЕН 90г./ЧИСТО/","35860","83","1.07",""
"07079","АФИА ГЛАДСТОН","ФАРИНГОСЕПТ ТАБЛ. ЗА СМУЧЕНЕ 8,75МГ Х 20","35935","98","4.33",""
"07079","АФИА ГЛАДСТОН","ДИАЛГИН КИДС КАПКИ 500МГ/МЛ 20МЛ","36126","96","4.68",""
"07079","АФИА ГЛАДСТОН","СЛЪНЧО КАША 4мес. ЗЪРНИН М млечна 200г.","36180","63","2.50",""
"07079","АФИА ГЛАДСТОН","СЛЪНЧО КАША 4мес. ПШЕНИЧНО МЛЕЧНА 200г.","36181","63","2.56",""
"07079","АФИА ГЛАДСТОН","СЛЪНЧО КАША 4мес. СЛАДЪК СЪН ОРИЗ МЛЕЧНА безглутенова 200г.","36182","63","2.80",""
"07079","АФИА ГЛАДСТОН","ЛАРА САПУН 375 МЛ. КОКОС","36287","83","1.38",""
"07079","АФИА ГЛАДСТОН","ДАВ сапун РОЗОВ 100g","36301","83","1.31",""
"07079","АФИА ГЛАДСТОН","СЕНСОДИН четка за зъби advanced clean soft","36368","80","4.89",""
"07079","АФИА ГЛАДСТОН","Сапун КРИСПА ЧИСТ ГЛИЦЕРИН+НАР 100ГР","36369","83","1.21",""
"07079","АФИА ГЛАДСТОН","ТЕО БЕБЕ ВЛ.КЪРПИ SENSITIVE 72бр С КАПАК","36475","84","1.56",""
"07079","АФИА ГЛАДСТОН","ЕЛГИДИУМ ПЗ.SENSILEAVE 50 ml","36507","81","7.31",""
"07079","АФИА ГЛАДСТОН","АДАПТ. МЛЯКО НАН КОМФОРТИС 2 800Г","36547","65","19.94",""
"07079","АФИА ГЛАДСТОН","ОКЛИС ФОРТЕ САШЕ 600МГ Х 10","36596","94","6.47",""
"07079","АФИА ГЛАДСТОН","ВЛ. КЪРПИ BABY BEBELAN Сребърна вода х 60","36992","84","1.94",""
"07079","АФИА ГЛАДСТОН","ХИП 3 COMBIOTIK адапт.мляко 500г.","37010","65","12.82",""
"07079","АФИА ГЛАДСТОН","ИБУЛЕК ЗА ДЕЦА СУСП. 100МГ/5МЛ 120МЛ","37116","94","4.06",""
"07079","АФИА ГЛАДСТОН","СТРЕПСИЛС ИНТЕНЗИВ МЕД И ЛИМОН спрей 8.75 mg/dose 15мл","37130","98","8.06",""
"07079","АФИА ГЛАДСТОН","ЧАЙ ЛАЙКА,МЕД И ВАНИЛИЯ  филтър х20 БЧК","37136","72","1.20",""
"07079","АФИА ГЛАДСТОН","ЕНТЕРОЛ caps.250mg x 30","37242","89","15.24",""
"07079","АФИА ГЛАДСТОН","МУКОСОФТ САШЕТА 600МГ Х 10 АДИФАРМ","37406","99","6.12",""
"07079","АФИА ГЛАДСТОН","АНГЕТОП ТАБЛ. 500МГ Х 20","37425","96","1.13",""
"07079","АФИА ГЛАДСТОН","Омалгин, Omalgin перорални капки 500 мг/мл 20 мл","37663","96","3.37",""
"07079","АФИА ГЛАДСТОН","ЕЛГИДИУМ ПЗ. perioblock pro 50ml","37664","81","7.68",""
"07079","АФИА ГЛАДСТОН","ФЛУРБИМЕД МИНТ ТАБЛ. ЗА СМУЧЕНЕ 8,75МГ Х 20","37763","98","5.01",""
"07079","АФИА ГЛАДСТОН","ПАРОДОНТАКС четка за зъби COMPLETE PROTECTION SOFT","37832","80","6.58","4.94"
"07079","АФИА ГЛАДСТОН","ПЗ ПОМОРИН КЛАСИК","37897","81","1.29",""
"07079","АФИА ГЛАДСТОН","ПЗ ПОМОРИН АНТИПАРОДОНТИТ","37898","81","1.29",""
"07079","АФИА ГЛАДСТОН","ЕНТЕРОЛ прахчета 250мг*6","37915","89","4.54",""
"07079","АФИА ГЛАДСТОН","АЦЦ МЕД И ЛИМОН 600МГ САШЕТА Х 10","37930","99","8.69",""
"07079","АФИА ГЛАДСТОН","АКАРД тбл.75мг.х120","37940","96","8.06",""
"07079","АФИА ГЛАДСТОН","ПЗ.БИЛКА дент пародонт избелваща  75ml","37943","81","2.36",""
"07079","АФИА ГЛАДСТОН","НОВАЛАК 1 адапт.мляко кърмач.400гр/0-6м/","38153","65","10.21",""
"07079","АФИА ГЛАДСТОН","НОВАЛАК 2 адапт.мляк кърмач.400гр/6-12м/","38154","65","10.12",""
"07079","АФИА ГЛАДСТОН","НОВАЛАК 3 адапт.мляко преход.400гр/1-3г/","38155","65","9.85",""
"07079","АФИА ГЛАДСТОН","НОВАЛАК AC адапт.мляко колики400г/0-12м/","38156","65","13.12",""
"07079","АФИА ГЛАДСТОН","НОВАЛАК AR адапт.мл повръщане400г/0-12м/","38157","65","11.71",""
"07079","АФИА ГЛАДСТОН","НОВАЛАК IT адапт.мл при запек400г/0-12м/","38158","65","12.04",""
"07079","АФИА ГЛАДСТОН","МИЛОРОФЕН тбл.200мг.х10","38294","94","1.98",""
"07079","АФИА ГЛАДСТОН","ДИКЛОФЛЕКС гел 5% 50г.","38325","95","4.89",""
"07079","АФИА ГЛАДСТОН","АПИВИТА Шампоан за честа употреба 500мл","38464","82","15.61",""
"07079","АФИА ГЛАДСТОН","ЧАЙ Вечерен /лайка , копър , валериана/ 17 пак Yogi Tea","38478","72","4.06",""
"07079","АФИА ГЛАДСТОН","ПАРОДОНТАКС паста за зъби DUO  PACK CLASSIC 2x75ml","38619","81","6.19",""
"07079","АФИА ГЛАДСТОН","НУРОФЕН ЕКСПРЕС ФОРТЕ 400mg меки капсули *20","38658","94","9.69",""
"07079","АФИА ГЛАДСТОН","МУСТЕЛА сапун с колд крем 100г","38694","83","4.05",""
"07079","АФИА ГЛАДСТОН","ЛАКАЛУТ ПЗ. АКТИВ & СЕНЗИТИВ ПАСТА 75 МЛ","38744","81","4.89",""
"07079","АФИА ГЛАДСТОН","NATURE ROSES сапун 75 гр","38969","83","0.77",""
"07079","АФИА ГЛАДСТОН","NATURE ROSES сапун 75 гр бял","38970","83","0.77",""
"07079","АФИА ГЛАДСТОН","АЛЕРГОЗАН 1% КРЕМ 1Г/100ГР 60Г","39040","91","7.65",""
"07079","АФИА ГЛАДСТОН","ПАНАКТИВ BABY супоз.60мг.х5","39186","94","2.45",""
"07079","АФИА ГЛАДСТОН","ПАНАКТИВ BABY супоз.125мг.х5","39187","94","2.77",""
"07079","АФИА ГЛАДСТОН","ПСИЛО-БАЛСАМ ГЕЛ 50ГР","39352","91","8.12",""
"07079","АФИА ГЛАДСТОН","АКВАФРЕШ паста за зъби fresh&minty 50ml","39361","81","1.89","1.51"
"07079","АФИА ГЛАДСТОН","АКВАФРЕШ паста за зъби M&M  125мл","39363","81","2.30",""
"07079","АФИА ГЛАДСТОН","АКВАФРЕШ паста за зъби ACTIVE FRESH 125ml","39364","81","2.69",""
"07079","АФИА ГЛАДСТОН","КУРАПРОКС ПЗ Enzycal Zero 75мл","39624","81","6.43",""
"07079","АФИА ГЛАДСТОН","КУРАПРОКС ПЗ Enzycal 950 75мл","39625","81","6.43",""
"07079","АФИА ГЛАДСТОН","КУРАПРОКС ПЗ Enzycal 1450 75мл","39626","81","7.15",""
"07079","АФИА ГЛАДСТОН","КУРАПРОКС ПЗ [BE YOU] Daydreamer 60 МЛ","39627","81","12.26",""
"07079","АФИА ГЛАДСТОН","КУРАПРОКС ПЗ [BE YOU] Pure happiness  60 МЛ","39628","81","12.26",""
"07079","АФИА ГЛАДСТОН","КУРАПРОКС ПЗ [BE YOU] Explore 60 МЛ","39629","81","12.26",""
"07079","АФИА ГЛАДСТОН","КУРАПРОКС ПЗ [BE YOU] Candy lover 60 МЛ","39630","81","12.26",""
"07079","АФИА ГЛАДСТОН","ЮРИАЖ 1ER BEBE почистващ крем-сапун 100гр.","39661","83","6.69",""
"07079","АФИА ГЛАДСТОН","ВЛ.КЪРПИ EVENT антибакт. алое x15","39743","84","0.40",""
"07079","АФИА ГЛАДСТОН","ВЛ.КЪРПИ EVENT антибакт. невен x15","39744","84","0.40",""
"07079","АФИА ГЛАДСТОН","ВЛ.КЪРПИ EVENT антибакт. лавандула x15","39745","84","0.40",""
"07079","АФИА ГЛАДСТОН","ВЛ.КЪРПИ EVENT антибакт. мандарина x15","39746","84","0.40",""
"07079","АФИА ГЛАДСТОН","ВЛ.КЪРПИ EVENT антибакт. 20% алкохол x15","39747","84","0.49",""
"07079","АФИА ГЛАДСТОН","КУРАПРОКС ПЗ [BE YOU] Challenger  60 МЛ","39837","81","12.26",""
"07079","АФИА ГЛАДСТОН","ВЛ.КЪРПИ PUFIES WW SENSITIVE с капак 64 бр","40048","84","1.94",""
"07079","АФИА ГЛАДСТОН","КЕТАЛГО 50МГ ГРАНУЛИ ЗА ПЕРОРАЛЕН Р-Р В САШЕ Х 6","40084","94","4.35",""
"07079","АФИА ГЛАДСТОН","ОВКО пюре картофи с тиква 4м 190гр","40114","64","1.02",""
"07079","АФИА ГЛАДСТОН","ОВКО меню спагети болонезе 8м+ 220 гр","40115","64","1.48",""
"07079","АФИА ГЛАДСТОН","СЛЪНЧО КАША 6мес. БИСКВИТЕНА млечна с бифидус  200г.","40116","63","2.50",""
"07079","АФИА ГЛАДСТОН","СЛЪНЧО КАША 6мес. млечна ЕЛДА с плодове 200г.","40117","63","2.61",""
"07079","АФИА ГЛАДСТОН","ХИП 1 COMBIOTIK адапт.мляко 350г.","40138","65","11.35",""
"07079","АФИА ГЛАДСТОН","ВЛ.КЪРПИ EVENT антибакт. алое x72","40242","84","1.53",""
"07079","АФИА ГЛАДСТОН","ВЛ.КЪРПИ EVENT антибакт. мандарина x72","40243","84","1.53",""
"07079","АФИА ГЛАДСТОН","ВЛ.КЪРПИ EVENT антибакт. 20% алкохол x60","40244","84","1.64",""
"07079","АФИА ГЛАДСТОН","КУРАПРОКС ПЗ [BE YOU] Rising Star 60 МЛ","40279","81","12.26",""
"07079","АФИА ГЛАДСТОН","АГИВА вл. интимни кърпи","40508","84","0.79",""
"07079","АФИА ГЛАДСТОН","НИЗОРАЛ ШАМПОАН 2% 100МЛ","40549","90","13.69",""
"07079","АФИА ГЛАДСТОН","ВЛ. КЪРПИ PAMPERS sensitive х 52","40636","84","1.53",""
"07079","АФИА ГЛАДСТОН","ФЕЛОРАН ФОРТЕ ГЕЛ 5% 120 ГР СФ","40745","95","8.43","7.17"
"07079","АФИА ГЛАДСТОН","СЕНСОДИН паста за зъби Natural White с активен въглен","40897","81","5.50","3.85"
"07079","АФИА ГЛАДСТОН","БОЧКО ВЛАЖНИ КЪРПИ ПАМУК И ЛАЙКА КАПАК Х 84","40932","84","1.67",""
"07079","АФИА ГЛАДСТОН","ХИП АНТИРЕФЛУКС адапт .мляко 600 гр","41012","65","17.61",""
"07079","АФИА ГЛАДСТОН","ЕЛГИДИУМ ПЗ.ИЗБЕЛВАЩА 50ml","41029","81","5.47",""
"07079","АФИА ГЛАДСТОН","ЛОПЕРАМИД ЕКОФАРМ тбл.2мг.х10","41152","89","2.70",""
"07079","АФИА ГЛАДСТОН","ФЕЛОРАН гел 1% - 120g  Софарма","41160","95","7.58","6.44"
"07079","АФИА ГЛАДСТОН","АКВАФРЕШ паста за зъби naturals mint clean","41284","81","2.30",""
"07079","АФИА ГЛАДСТОН","ЧАЙ ФИТОЛЕК ДЕТОКС Х20","41531","72","2.00",""
"07079","АФИА ГЛАДСТОН","КУРАПРОКС чз CS1560 soft ПРОМО","41636","80","5.50",""
"07079","АФИА ГЛАДСТОН","КСИЗАЛ 0,5МГ/МЛ СИРОП 200МЛ Х 11","41828","100","5.52",""
"07079","АФИА ГЛАДСТОН","ЕЛГИДИУМ ПЗ.ИЗБЕЛВАЩА 100ml  BIO","41852","81","9.20",""
"07079","АФИА ГЛАДСТОН","ЕЛГИДИУМ ПЗ.СЕНЗИТИВ 100ml BIO","41853","81","8.68",""
"07079","АФИА ГЛАДСТОН","АНГАЛ МЕД ТАБЛ. ЗА СМУЧЕНЕ 5МГ/1МГ Х 24","41925","98","7.45",""
"07079","АФИА ГЛАДСТОН","АНГАЛ ЯГОДА ЗА ДЕЦА ТАБЛ. ЗА СМУЧЕНЕ 5МГ/1МГ Х 24","41926","98","7.45",""
"07079","АФИА ГЛАДСТОН","АПТАМИЛ 4 400г ПРОНУТРА","41999","65","10.01",""
"07079","АФИА ГЛАДСТОН","НУРОФЕН ФОРТЕ ТАБЛ.400МГ Х 24","42236","94","8.17",""
"07079","АФИА ГЛАДСТОН","СЛЪНЧО КАША 4мес. ОРИЗОВА безмлечна 180 г","42328","63","2.37",""
"07079","АФИА ГЛАДСТОН","БОЧКО ВЛАЖНИ КЪРПИ ПАМУК И ЛАВАНДУЛА КАПАК Х 84","42347","84","1.67",""
"07079","АФИА ГЛАДСТОН","АПТАМИЛ 1 800г ПРОНУТРА","42367","65","21.16",""
"07079","АФИА ГЛАДСТОН","ЛАКС сол.7.5мг/мл.20мл.","42429","88","4.17",""
"07079","АФИА ГЛАДСТОН","ДРОПЛЕКС 4Г/100Г+1Г/100Г КАПКИ ЗА УШИ Р-Р 15МЛ Х 1","42480","101","4.09",""
"07079","АФИА ГЛАДСТОН","СЛЪНЧО КАША 6мес. ОРИЗОВО МЛЕЧНА С МАНГО,ЯБЪЛКА И БАНАН 200г","42486","63","2.47",""
"07079","АФИА ГЛАДСТОН","ЛАКАЛУТ ПЗ СЕНЗИТИВ ПАСТА 75 МЛ","42491","81","3.87","2.90"
"07079","АФИА ГЛАДСТОН","АПТАМИЛ 2 800г ПРОНУТРА","42492","65","21.16",""
"07079","АФИА ГЛАДСТОН","Сапун КРИСПА БЕБЕ 100 гр","42533","83","0.72",""
"07079","АФИА ГЛАДСТОН","АПТАМИЛ 3 400г ПРОНУТРА","42534","65","10.01",""
"07079","АФИА ГЛАДСТОН","АВЕН XERACALM A.D.СВРЪХОБОГАТЕН САПУН 100г AV","42576","83","9.03","6.59"
"07079","АФИА ГЛАДСТОН","АПТАМИЛ 2 400г ПРОНУТРА","42697","65","10.68",""
"07079","АФИА ГЛАДСТОН","БЕБО ВЛ. КЪРПИЧКИ АЛОЕ ВЕРА 72бр с капак","42708","84","1.57",""
"07079","АФИА ГЛАДСТОН","БЕБО ВЛ. КЪРПИЧКИ ЛАЙКА  72бр с капак","42709","84","1.57",""
"07079","АФИА ГЛАДСТОН","БЕБО ВЛ. КЪРПИЧКИ ЛАВАНДУЛА  90бр с капак","42710","84","1.83",""
"07079","АФИА ГЛАДСТОН","БЕБО ВЛ.КЪРПИЧКИ SENSITIVE 80бр. С НОВ РИДЖИТ","42711","84","1.72",""
"07079","АФИА ГЛАДСТОН","БОЧКО МОКРИ КЪРПИ ПАМУК И СМРАДЛИКА Х 84 КАПАК","42745","84","1.67",""
"07079","АФИА ГЛАДСТОН","АПТАМИЛ 1 400г ПРОНУТРА","42844","65","10.68",""
"07079","АФИА ГЛАДСТОН","Сапун КРИСПА ДОКТОРСКИ 100гр.","42927","83","1.11",""
"07079","АФИА ГЛАДСТОН","ВЛ.КЪРПИ PUFIES WW CLEAN&FRESH  с капак 64 бр","43023","84","1.94",""
"07079","АФИА ГЛАДСТОН","САПУН МИНИ СЪС ЗЕОЛИТ БИОХЕРБА","43057","83","1.40",""
"07079","АФИА ГЛАДСТОН","БЕБО ВЛ.КЪРПИЧКИ МИЦЕЛАРНА ВОДА 64бр. С КАПАК","43128","84","2.08",""
"07079","АФИА ГЛАДСТОН","КСАЛЕРГАН 5МГ/МЛ ПЕРОР. КАПКИ 20МЛ Х 1","43431","100","5.17",""
"07079","АФИА ГЛАДСТОН","ЕЛГИДИУМ ПЗ.ТАЙМЕР ПАСТА ЗА ЗЪБИ 50МЛ.","43434","81","5.88",""
"07079","АФИА ГЛАДСТОН","ОМАЛГИН тбл.500мг.х20","43468","96","1.05",""
"07079","АФИА ГЛАДСТОН","EVENT бебешки кърпи АЛОЕ 20бр","43620","84","0.64",""
"07079","АФИА ГЛАДСТОН","EVENT бебе кърпи АЛОЕ 72","43624","84","1.10",""
"07079","АФИА ГЛАДСТОН","ЛАРА САПУН 375 МЛ. МАЛИНА","43778","83","1.38",""
"07079","АФИА ГЛАДСТОН","ЛАРА САПУН 375 МЛ. ЛАЙМ","43780","83","1.38",""
"07079","АФИА ГЛАДСТОН","САПУН ПРОЛЕТ","43850","83","1.78",""
"07079","АФИА ГЛАДСТОН","ЛАКАЛУТ ПЗ. АКТИВ  ПЛЮС 75мл","43910","81","4.89",""
"07079","АФИА ГЛАДСТОН","ЕЛГИДИУМ ПЗ.ЧУВСТВИТЕЛНИ ВЕНЦИ 100МЛ.BIO","43921","81","8.90",""
"07079","АФИА ГЛАДСТОН","КЕТАЛГО 50МГ ГРАНУЛИ ЗА ПЕРОРАЛЕН Р-Р В САШЕ Х 12","43979","94","6.83",""
"07079","АФИА ГЛАДСТОН","БЕБО ВЛ.КЪРПИЧКИ С 99% ВОДА х 15БР.","44040","84","0.61",""
"07079","АФИА ГЛАДСТОН","БЕБО ULTRA SOFT 80бр. ПЛЪТНИ ВЛ. КЪРПИЧКИ х12","44053","84","1.72",""
"07079","АФИА ГЛАДСТОН","СЛЪНЧО КАША 4мес. БАНАНОВО ЯБЪЛКОВА млечна 200г.","44061","63","2.37",""
"07079","АФИА ГЛАДСТОН","МОКРИ ПОЧИСТВАЩИ КЪРПИ FAMILY СЕПТОНА 100бр с капак","44073","84","1.82",""
"07079","АФИА ГЛАДСТОН","ВЛ. КЪРПИ LARA  ЗА ВЪЗРАСТНИ 50 БР.","44255","84","1.68",""
"07079","АФИА ГЛАДСТОН","ИБУПРОМ СПРИНТ МАКС капс.400мг.х20","44304","94","8.48",""
"07079","АФИА ГЛАДСТОН","ВЛ.КЪРПИ СЕПТОНА  БЕБЕ ЛАЙКА 80бр с капак","44306","84","1.82",""
"07079","АФИА ГЛАДСТОН","ВЛ.КЪРПИ EVENT WC КОКОС 60","44409","84","1.38",""
"07079","АФИА ГЛАДСТОН","ВЛ.КЪРПИ EVENT WC ЛАЙКА 60","44410","84","1.38",""
"07079","АФИА ГЛАДСТОН","ВЛ.КЪРПИ EVENT WC ЛАЙКА КИДС 60","44411","84","1.38",""
"07079","АФИА ГЛАДСТОН","ВЛ.КЪРПИ EVENT WC ПАМУК И АЛОЕ 42","44412","84","1.38",""
"07079","АФИА ГЛАДСТОН","ЧЕРВЕНА БОРОВИНКА филтър х20 FLOSANA","44484","72","1.17",""
"07079","АФИА ГЛАДСТОН","ЧАЙ ЗА СЪРЦЕ филтър х20 Биопрограма","44545","72","1.00",""
"07079","АФИА ГЛАДСТОН","СЕНСОДИН паста за зъби COMPLETE PROTECTION + 75МЛ","44620","81","7.76",""
"07079","АФИА ГЛАДСТОН","АПТАМИЛ 1 800г ЦЕЗАРБИО","44651","65","24.49",""
"07079","АФИА ГЛАДСТОН","АПТАМИЛ 2 800г ЦЕЗАРБИО","44652","65","23.72",""
"07079","АФИА ГЛАДСТОН","КСАЛЕРГАН 5МГ ФИЛМ.ТАБЛ. Х 20","44775","100","8.01",""
"07079","АФИА ГЛАДСТОН","САПУН КРИСПА МЕД+ГЛИЦЕРИН 75Г","44914","83","0.65",""
"07079","АФИА ГЛАДСТОН","ЛАКАЛУТ ПЗ. МУЛТИ ЕФЕКТ ПЛЮС 75МЛ","44939","81","3.87","2.90"
"07079","АФИА ГЛАДСТОН","ВЛ.КЪРПИ EVENT антиб.kids х 15 (сини)","45023","84","0.46",""
"07079","АФИА ГЛАДСТОН","ВЛ.КЪРПИ EVENT антиб.kids х 15(розови)","45024","84","0.46",""
"07079","АФИА ГЛАДСТОН","ДИКЛАК МАКС 5% ГЕЛ 150Г","45076","95","14.82",""
"07079","АФИА ГЛАДСТОН","ЧАЙ БРОНХО ПАМ БУТИКОВА СЕРИЯ филтър х20","45122","72","4.10",""
"07079","АФИА ГЛАДСТОН","СЕНСОДИН паста за зъби sensivity and gum  WHITE 75ml","45138","81","7.76",""
"07079","АФИА ГЛАДСТОН","БОЧКО ВЛАЖНИ КЪРПИ ПАМУК И НЕВЕН КАПАК Х 84","45159","84","1.75",""
"07079","АФИА ГЛАДСТОН","ВЛ.КЪРПИ СЕПТОНА  БЕБЕ АЛОЕ 60бр","45177","84","1.37",""
"07079","АФИА ГЛАДСТОН","ЛАКАЛУТ ПЗ ПЪРФЕКТ УАЙТ 75МЛ","45353","81","3.87","2.90"
"07079","АФИА ГЛАДСТОН","НОВАЛАК RICE AR мляко 400г.","45477","65","15.75",""
"07079","АФИА ГЛАДСТОН","САПУН ЖЕН-ШЕН 60г.","45586","83","0.69",""
"07079","АФИА ГЛАДСТОН","ИБУЛЕК 200МГ САШЕТА Х 10","45604","94","4.39",""
"07079","АФИА ГЛАДСТОН","ВЛ. КЪРПИ LARA x 80 бр. лайка","45709","84","1.17",""
"07079","АФИА ГЛАДСТОН","АКВАФРЕШ паста за зъби All in One Crystal  Whit 100ml","45747","81","2.85",""
"07079","АФИА ГЛАДСТОН","ВЛ. КЪРПИ PAMPERS fresh clean  х 52","45874","84","1.53",""
"07079","АФИА ГЛАДСТОН","АРОМА САПУН ТЕЧЕН WHITE BLOSSOM за чувст.кожа 400мл.+100мл.П","45917","83","1.69",""
"07079","АФИА ГЛАДСТОН","ЧЗ ТРИЗА FOCUS SOFT","45930","80","0.90",""
"07079","АФИА ГЛАДСТОН","ЧЗ ТРИЗА SMILE SOFT /SWISS CLEAN/","45931","80","0.86",""
"07079","АФИА ГЛАДСТОН","ЧАЙ ФИЛТЪР AHMAD СПЕЦ.СЕЛ. БЕЗКОФЕИН x 20","45977","72","3.31",""
"07079","АФИА ГЛАДСТОН","ИБУТОП КРЕМ 100 гр","46049","94","9.14",""
"07079","АФИА ГЛАДСТОН","РЕСПИФОРТИН 600 MG ACETYLCYSTEINE, ЕФ. ТАБЛ. Х 10","46051","99","7.65",""
"07079","АФИА ГЛАДСТОН","СЕНСОДИН паста за зъби антикариес 75ml","46150","81","5.50","3.85"
"07079","АФИА ГЛАДСТОН","ВЛ.КЪРПИ EVENT антибакт. невен x30","46202","84","0.70",""
"07079","АФИА ГЛАДСТОН","ПАРАБОЛ МАКС 400МГ КАПС. Х 10","46205","94","4.48",""
"07079","АФИА ГЛАДСТОН","EVENT бебешки кърпи ВОДА  20бр","46233","84","0.64",""
"07079","АФИА ГЛАДСТОН","EVENT бебешки кърпи ВОДА 60бр","46234","84","1.66",""
"07079","АФИА ГЛАДСТОН","EVENT бебешки кърпи SOFT 3в1  20бр","46235","84","0.61",""
"07079","АФИА ГЛАДСТОН","EVENT бебешки кърпи SOFT 3в1  84бр","46236","84","1.66",""
"07079","АФИА ГЛАДСТОН","НОВАЛАК ALLERNOVA AR 400Г","46248","65","16.18",""
"07079","АФИА ГЛАДСТОН","ТРАКТУС 600МГ ПРАХ ЗА ПЕРОРАЛЕН Р-Р В САШЕ Х 10","46321","99","6.47",""
"07079","АФИА ГЛАДСТОН","СЕНСОДИН паста за зъби PRONAMEL JUNIOR 50ML.","46356","81","4.54",""
"07079","АФИА ГЛАДСТОН","АНАЛГИН ТАБЛ.500МГ Х 30","46420","96","2.29",""
"07079","АФИА ГЛАДСТОН","ИБУПРОМ ФОРТЕ 400МГ ФИЛМ.ТАБЛ. Х 12","46531","94","3.53",""
"07079","АФИА ГЛАДСТОН","БЕБО ВЛ. КЪРПИЧКИ ЛАЙКА  15бр","46594","84","0.46",""
"07079","АФИА ГЛАДСТОН","ТЕО БЕБЕ МОКРИ КЪРПИЧКИ ЛАВАНДУЛА 72 бр","46841","84","1.56",""
"07079","АФИА ГЛАДСТОН","ВЛ.КЪРПИ PALOMITA БЕБЕ 72+28 С КАПАК","46845","84","1.52",""
"07079","АФИА ГЛАДСТОН","ВЛ. КЪРПИ BABY BEBELAN 99.6% вода х 64","46924","84","1.89",""
"07079","АФИА ГЛАДСТОН","ДИКЛАК 12 ЧАСА 23,2 мг/г гел 50гр","46946","95","8.58",""
"07079","АФИА ГЛАДСТОН","ДИКЛАК 12 ЧАСА 2.32% мг/г 100гр","47003","95","11.74",""
"07079","АФИА ГЛАДСТОН","ЧАЙ ЧЕРЕН ФИЛТЪР Х20 БИОПРОГРАМА","37135","72","0.80",""
"07079","АФИА ГЛАДСТОН","ВЛ.КЪРПИ EVENT антибакт. невен x140","47097","84","2.05",""
"07079","АФИА ГЛАДСТОН","БУСКОЛИЗИН обв. тб. 10мг х 30","47308","87","3.99","3.39"
"07079","АФИА ГЛАДСТОН","ЕЛГИДИУМ ПЗ.DECAY PROTECTION  АНТИКАРИЕС 75ml","47347","81","7.21",""
"07079","АФИА ГЛАДСТОН","ОЛИНТ DUO наз.спрей 1мг/мл.+50мг/мл.10мл.","47405","97","6.12",""
"07079","АФИА ГЛАДСТОН","ВЛ.КЪРПИ EVENT антибакт. лайка x72","47433","84","1.10",""
"07079","АФИА ГЛАДСТОН","АГИВА Гъба за баня сапун на перли Лайм FRUIT SALAD","47434","83","2.50",""
"07079","АФИА ГЛАДСТОН","ОРОФАР ИНТЕНС 8,75МГ/ДОЗА СПРЕЙ 15МЛ","47436","98","7.65",""
"07079","АФИА ГЛАДСТОН","ВЛ.КЪРПИ EVENT бебешки лайка x72","47437","84","1.10",""
"07079","АФИА ГЛАДСТОН","ПЗ.БИЛКА МЕД 75 МЛ.","47443","81","2.36",""
"07079","АФИА ГЛАДСТОН","САПУН EvBABY VIT.F 90г","47483","83","0.61",""
"07079","АФИА ГЛАДСТОН","ДУЛКОЛАКС 10МГ СУПОЗИТОРИИ Х6","47553","88","5.86",""
"07079","АФИА ГЛАДСТОН","БЕБО ВЛ.КЪРПИЧКИ НОВОРОДЕНО  64бр. С КАПАК","47635","84","1.82",""
"07079","АФИА ГЛАДСТОН","СЕНСОДИН паста за зъби CLINICAL REPAIR 75ML","47644","81","7.76",""
"07079","АФИА ГЛАДСТОН","ДЕВА DNB ШАМПОАН ХИНИН + АРГАН 500МЛ.","47849","82","2.19",""
"07079","АФИА ГЛАДСТОН","АРОМА ШАМПОАН НАТУРАЛ АЛОЕ МЛЯКО 400мл.","47852","82","2.03",""
"07079","АФИА ГЛАДСТОН","СЕНСОДИН паста за зъби PRONAMEL KIDS 2-6 50ML.","47904","81","4.54",""
"07079","АФИА ГЛАДСТОН","ЧАЙ СЕНА АФИА  филтър","48050","72","1.99",""
"07079","АФИА ГЛАДСТОН","ЧАЙ ЛАЙКА АФИА  филтър","48051","72","1.99",""
"07079","АФИА ГЛАДСТОН","ЧАЙ ДЕТОКС И ИМУНИТЕТ АФИА  филтър","48052","72","1.99",""
"07079","АФИА ГЛАДСТОН","ЧАЙ СЛАБИТЕЛЕН АФИА  филтър","48053","72","1.99",""
"07079","АФИА ГЛАДСТОН","ВОЛТАРЕН 140МГ ЛЕЧЕБЕН ПЛАСТИР Х 5","48138","95","17.36","13.89"
"07079","АФИА ГЛАДСТОН","ВЛ. КЪРПИ LARA АКВА 99,5% БИОРАЗГР. x 72 БР.","48158","84","1.69",""
"07079","АФИА ГЛАДСТОН","ХИП 4 КОМБ.МЛ.МАЛКИ ДЕЦА 500 ГР.","48182","65","12.08",""
"07079","АФИА ГЛАДСТОН","АВЕН CLEANANCE ПОЧИСТВАЩ САПУН 100ГР. AV","48307","83","7.63","5.57"
"07079","АФИА ГЛАДСТОН","СТРЕПСИЛС ИНТЕНЗИВ МЕД И ЕВКАЛИПТ ТАБЛ. Х 16","48369","98","5.73",""
"07079","АФИА ГЛАДСТОН","КЕТАЛГО 25мг 10 табл.","48378","94","5.14",""
"07079","АФИА ГЛАДСТОН","АКВАФРЕШ паста за зъби PLUS VISIBLE WHITE 75МЛ.","48413","81","2.81","2.11"
"07079","АФИА ГЛАДСТОН","АКВАФРЕШ паста за зъби PLUS FRESH FEEL 75МЛ.","48414","81","2.81","2.11"
"07079","АФИА ГЛАДСТОН","СЕНСОДИН паста за зъбиЗ REPAIR & PROTECT WHITENING 75ML","48480","81","7.76",""
"07079","АФИА ГЛАДСТОН","СЕНСОДИН паста за зъби CLINICAL REPAIR WHITE 75ML","48481","81","7.76",""
"07079","АФИА ГЛАДСТОН","СЕНСОДИН паста за зъби COMPLETE PROTECTION WHITE 75ML","48482","81","7.76",""
"07079","АФИА ГЛАДСТОН","ВЛ. КЪРПИ BABY BEBELAN ЛАЙКА+АЛОЕ с капак х 64","48486","84","1.53",""
"07079","АФИА ГЛАДСТОН","ВЛ. КЪРПИ BABY BEBELAN СМРАДЛИКА+ЛАЙКА с капак х 64","48487","84","1.53",""
"07079","АФИА ГЛАДСТОН","АКВАФРЕШ паста за зъби mild &minti 125 ml.","48514","81","2.69",""
"07079","АФИА ГЛАДСТОН","БИЛКА НЕВЕН ШАМПОАН ЗА КОСА 400МЛ.","48554","82","3.33",""
"07079","АФИА ГЛАДСТОН","МУСТЕЛА МОКРИ КЪРПИЧКИ С ВОДА БЕЗ ПАРФЮМ Х 60","48570","84","5.92",""
"07079","АФИА ГЛАДСТОН","ЕЛГИДИУМ ЧЗ 4в1 S","48692","80","10.46",""
"07079","АФИА ГЛАДСТОН","ЛАКСАКОДИЛ 5МГ СУ ТАБЛ. Х 30","48727","88","2.21",""
"07079","АФИА ГЛАДСТОН","НОВАЛАК 1 адапт.мляк кърмач. 800г./0-6мес./","48740","65","19.44",""
"07079","АФИА ГЛАДСТОН","ОКЛИС ЕКСПРЕС 400 мг x 10 сашети","48782","94","5.71",""
"07079","АФИА ГЛАДСТОН","ЕНТЕРОЛ ФОРТЕ саше 500мг х 10","49046","89","9.82",""
"07079","АФИА ГЛАДСТОН","ОКЛИС ЕКСПРЕС 400 мг x 20 сашети","49081","94","9.53",""
"07079","АФИА ГЛАДСТОН","НУРОФЕН ЕКСПРЕС ФОРТЕ КОМПАКТ 400МГ КАПС. Х 10","49172","94","6.12",""
"07079","АФИА ГЛАДСТОН","НУРОФЕН ЕКСПРЕС ФОРТЕ КОМПАКТ 400МГ КАПС. Х 20","49173","94","10.67",""
"07079","АФИА ГЛАДСТОН","АКВАФРЕШ паста за зъби DEEP CLEAN WHITE RENEW 75ML","49246","81","3.52","2.64"
"07079","АФИА ГЛАДСТОН","GERBER КАША МАНГО БАНАН 240ГР.","49265","63","3.79",""
"07079","АФИА ГЛАДСТОН","GERBER КАША ЙОГ.БАН.КРУША 240ГР","49266","63","3.79",""
"07079","АФИА ГЛАДСТОН","GERBER 2929 ПЮРЕ СУПА КАРФИОЛ И ЗАЕК 190","49272","64","1.74",""
"07079","АФИА ГЛАДСТОН","GERBER 7214 ПЮРЕ ЗЕЛЕНЧ. С ТЕЛЕШКО И МАКАРОНИ 190ГР","49273","64","1.74",""
"07079","АФИА ГЛАДСТОН","GERBER 7889 ПЮРЕ РИЗОТО ПУЙКА ЗЕЛ. 250ГР","49274","64","2.20",""
"07079","АФИА ГЛАДСТОН","АДАПТ. МЛЯКО NAN 1 OPTIPRO 400ГР","49280","65","12.59",""
"07079","АФИА ГЛАДСТОН","АДАПТ. МЛЯКО NAN 2 OPTIPRO 400ГР","49281","65","12.57",""
"07079","АФИА ГЛАДСТОН","АДАПТ. МЛЯКО NAN 3 OPTIPRO 400ГР","49282","65","10.38",""
"07079","АФИА ГЛАДСТОН","АДАПТ. МЛЯКО NAN COMFORT 400ГР","49283","65","15.08",""
"07079","АФИА ГЛАДСТОН","ПАРАБОЛ МАКС 400МГ КАПС. Х 20","49296","94","8.63",""
"07079","АФИА ГЛАДСТОН","НОВАЛАК 2 адапт.мляк кърмач. 800г./6-12мес./","49320","65","18.78",""
"07079","АФИА ГЛАДСТОН","ОТОФИКС 40МГ/Г + 10МГ/Г КАПКИ ЗА УШИ 15МЛ Х 1","49354","101","3.88",""
"07079","АФИА ГЛАДСТОН","СЕНСОДИН паста за зъби CAVITY  75ml","49375","81","5.10",""
"07079","АФИА ГЛАДСТОН","ХИП 1 ORGANIC АДАПТ. МЛЯКО 600ГР.","49423","65","13.63",""
"07079","АФИА ГЛАДСТОН","ХИП 2 ORGANIC АДАПТ. МЛЯКО 600ГР.","49424","65","13.63",""
"07079","АФИА ГЛАДСТОН","СЕНСОДИН паста за зъби CAVITY + SENSITIVITY 75ml","49449","81","5.10",""
"07079","АФИА ГЛАДСТОН","ЕФИЗОЛ ИНТЕНЗ 8,75МГ ТАБЛ. ЗА СМУЧЕНЕ Х 24","49588","98","6.39","5.56"
"07079","АФИА ГЛАДСТОН","НОВАЛАК AR ДАЙДЖЕСТ+ АДАПТИР.МЛЯКО 400гр","49605","65","14.85",""
"07079","АФИА ГЛАДСТОН","ЧАЙ С ЛАЙКА И АНАСОН БИО 20 ФИЛ.ПАК./MANZANILLA","49697","72","3.13",""
"07079","АФИА ГЛАДСТОН","КУРАПРОКС ПЗ Enzycal 950;  10 ml","49711","81","2.39",""
"07079","АФИА ГЛАДСТОН","МОБИЛАТ ЕМУЛГЕЛ 2,32% ГЕЛ 180Г Х 1","49715","95","19.10",""
"07079","АФИА ГЛАДСТОН","АРОМА ШАМПОАН НАТУРАЛ ЯЙЧЕН 400мл.","49799","82","1.86",""
"07079","АФИА БОТЕВА","ГЕЛОМИРТОЛ ФОРТЕ КАПС.300МГ Х 20","1336","99","8.64",""
"07079","АФИА БОТЕВА","АЦЦ 200 ПРАХЧЕТА 200МГ Х 20","1338","99","6.97",""
"07079","АФИА БОТЕВА","АЦЕТИЗАЛ  ТАБЛ. 500МГ Х 20 АК","1747","96","1.40",""
"07079","АФИА БОТЕВА","АЛКА-ЗЕЛЦЕР ЕФ.ТАБЛ. 324МГ Х 10","1750","96","3.02",""
"07079","АФИА БОТЕВА","БЕНАЛГИН ТАБЛ. Х 20","1767","96","2.86",""
"07079","АФИА БОТЕВА","АЛЕРГОЗАН ДРАЖ. 25МГ Х 20","1896","91","3.71",""
"07079","АФИА БОТЕВА","АЛМАГЕЛ СУСП. 170МЛ","2036","86","2.55",""
"07079","АФИА БОТЕВА","БИЗАКОДИЛ СУПОЗ. 10МГ Х 6","2041","88","3.15",""
"07079","АФИА БОТЕВА","БИЗАЛАКС ТАБЛ. 5 МГ Х 30","2043","88","2.44",""
"07079","АФИА БОТЕВА","ФЕНОЛАКС ДРАЖ. 5МГ Х 30","2069","88","1.72",""
"07079","АФИА БОТЕВА","ИМОДИУМ КАПС. 2МГ Х 6","2078","89","3.51",""
"07079","АФИА БОТЕВА","СПАЗМАЛГОН ТАБЛ. Х 20","2096","87","3.82","3.63"
"07079","АФИА БОТЕВА","ТАЛЦИД ТАБЛ. 500МГ Х 20","2099","86","4.19",""
"07079","АФИА БОТЕВА","ОТИПАКС СОЛ. 15МЛ","2273","101","3.98",""
"07079","АФИА БОТЕВА","ИБУТОП ГЕЛ 50ГР","2322","94","5.56",""
"07079","АФИА БОТЕВА","РЕПАРИЛ ГЕЛ N 40Г","2341","95","6.12",""
"07079","АФИА БОТЕВА","ВОЛТАРЕН ЕМУЛГЕЛ 1,16% 50ГР","2348","95","6.32","4.99"
"07079","АФИА БОТЕВА","АЛЕРГОЗАН КРЕМ 18Г","2359","91","4.03",""
"07079","АФИА БОТЕВА","АЛЕРГОЗАН УНГВ. 18Г","2360","91","4.02",""
"07079","АФИА БОТЕВА","ЕКЗОДЕРИЛ 1%  КРЕМ 15ГР","2409","90","6.08",""
"07079","АФИА БОТЕВА","ЕКЗОДЕРИЛ 1%  СОЛ. 10МЛ","2410","90","7.51",""
"07079","АФИА БОТЕВА","ЙОДАСЕПТ УНГВ. 90Г","2430","92","4.60",""
"07079","АФИА БОТЕВА","ЧАЙ САНИЕ СВЕТЛОЗЕЛЕН ФИЛТЪР Х 30TNT21","3089","72","3.54",""
"07079","АФИА БОТЕВА","ЧАЙ УСПОКОИТЕЛЕН ФИЛТЪР 1,5ГР Х 20 ЕВЕЛИН","3090","72","2.25",""
"07079","АФИА БОТЕВА","ЧАЙ БЕБЕЗАН ФИЛТЪР 1,5ГР Х 20 ЕВЕЛИН","3098","72","2.27",""
"07079","АФИА БОТЕВА","ЧАЙ БРОНХОЛИН ФИЛТЪР Х 20 ЕВЕЛИН","3100","72","2.20",""
"07079","АФИА БОТЕВА","АДАПТ. МЛЯКО ФРИЗОВОМ 400ГР","3115","65","12.37",""
"07079","АФИА БОТЕВА","АДАПТ. МЛЯКО ФРИЗОЛАК 1 400ГР + ЛЪЖИЧКА","3118","65","9.28",""
"07079","АФИА БОТЕВА","ЛАКАЛУТ ПЗ. АКТИВ 75мл","3429","81","3.87","2.90"
"07079","АФИА БОТЕВА","АКВАФРЕШ паста за зъби детска 3-5 години little teeth","3433","81","3.52",""
"07079","АФИА БОТЕВА","АДАПТ. МЛЯКО НАН НА 400Г 0-12 МЕСЕЦА","3638","65","13.29",""
"07079","АФИА БОТЕВА","АКВАФРЕШ паста за зъби fresh&minty125ml синя","3930","81","2.69",""
"07079","АФИА БОТЕВА","АНАЛГИН ТАБЛ. 500МГ 2 Х 10 СФ","4202","96","1.67",""
"07079","АФИА БОТЕВА","ПАРОДОНТАКС паста за зъби F 75МЛ","4271","81","5.46",""
"07079","АФИА БОТЕВА","ТРОМБО ASS 100МГ Х 30 ГЕРОТ","4322","96","1.38",""
"07079","АФИА БОТЕВА","ДИКЛАК МАКС ГЕЛ 5% 50Г","4407","95","7.15",""
"07079","АФИА БОТЕВА","ЛОПЕДИУМ КАПС. 2МГ Х 10","4440","89","3.56",""
"07079","АФИА БОТЕВА","МИРТОЛ КАПС.120МГ Х 20","4966","99","4.80",""
"07079","АФИА БОТЕВА","ЕЛГИДИУМ ПЗ.АНТИПЛАКА 75ml","5207","81","6.53",""
"07079","АФИА БОТЕВА","НУРОФЕН ТАБЛ. 200МГ Х 12","5237","94","3.39",""
"07079","АФИА БОТЕВА","ЕЛГИДИУМ ПЗ.ИЗБЕЛВАЩА 75ml","5605","81","7.21",""
"07079","АФИА БОТЕВА","ДАВ сапун exfoliating 100g","5666","83","1.31",""
"07079","АФИА БОТЕВА","НУРОФЕН СУСП. 100МГ/5МЛ 100МЛ /ПОРТОКАЛ/","5803","94","4.54",""
"07079","АФИА БОТЕВА","ДАВ сапун original cream bar 100g","5857","83","1.73",""
"07079","АФИА БОТЕВА","ЕУСЕРИН ph5.5 сапун за чувств.кожа","6078","83","4.08",""
"07079","АФИА БОТЕВА","КСИЗАЛ ТАБЛ. 5МГ Х 20","6448","100","11.23",""
"07079","АФИА БОТЕВА","КСИЗАЛ ТАБЛ. 5МГ Х 7","6502","100","4.49",""
"07079","АФИА БОТЕВА","ПСИЛО-БАЛСАМ ГЕЛ 20ГР","6551","91","5.93",""
"07079","АФИА БОТЕВА","АСПИРИН ПРОТЕКТ ТАБЛ. 100МГ Х 40","6576","96","3.06",""
"07079","АФИА БОТЕВА","ПАРОДОНТАКС паста за зъби КЛАСИК /БЕЗ ФЛУОРИД/ 75МЛ","7138","81","5.46",""
"07079","АФИА БОТЕВА","КАЛМАБЕН ТАБЛ. Х 10","7500","91","3.13",""
"07079","АФИА БОТЕВА","МУКОНАЗАЛ ПЛЮС СПРЕЙ 10МЛ","7593","97","6.43",""
"07079","АФИА БОТЕВА","КАЛМАБЕН ТАБЛ. Х 20","7600","91","5.52",""
"07079","АФИА БОТЕВА","АКВАФРЕШ четка за зъби standart family","8489","80","0.96",""
"07079","АФИА БОТЕВА","ХЕКСАЛГИН СОЛ.500МГ/МЛ 20МЛ","8491","96","5.31",""
"07079","АФИА БОТЕВА","КЕТОЗАЛ ШАМПОАН 2% 60МЛ   Х","8533","90","7.11","6.40"
"07079","АФИА БОТЕВА","НУРОФЕН ФОРТЕ ТАБЛ.400МГ Х 12","8703","94","4.59",""
"07079","АФИА БОТЕВА","СТРЕПСИЛС ИНТЕНЗИВ ТАБЛ. Х 16","9302","98","5.57",""
"07079","АФИА БОТЕВА","ДИАЛГИН САШЕТИ 1000МГ Х 20 ХИМАКС","9395","96","7.37",""
"07079","АФИА БОТЕВА","ЕЛГИДИУМ ЧЗ.КЛИНИК антиплака S","9696","80","5.95",""
"07079","АФИА БОТЕВА","ДАВ сапун fresh touch 100g","9715","83","1.31",""
"07079","АФИА БОТЕВА","АДАПТ. МЛЯКО ФРИЗО 3 400Г","9775","65","8.10",""
"07079","АФИА БОТЕВА","ЧАЙ ЗА ДИАБЕТИЦИ С КАНЕЛА Ф.20 БИОПРОГРАМА","10065","72","1.00",""
"07079","АФИА БОТЕВА","ДУЛКОЛАКС ПИКО КАПКИ 7,5МГ 15МЛ","10072","88","5.86",""
"07079","АФИА БОТЕВА","ЛАКАЛУТ ПЗ. ИЗБЕЛВАЩА 75МЛ","10221","81","3.87","2.90"
"07079","АФИА БОТЕВА","НУРОФЕН СУСП. 100МГ/5МЛ 100МЛ /ЯГОДА/","10248","94","4.54",""
"07079","АФИА БОТЕВА","БОЧКО САПУН СМРАДЛИКА 75ГР.","10384","83","0.99",""
"07079","АФИА БОТЕВА","ФАМОТИДИН АЛКАЛОИД ТАБЛ. 20МГ Х 20","10842","86","0.97",""
"07079","АФИА БОТЕВА","ВОЛТАРЕН ЕМУЛГЕЛ 1,16% 100ГР","10916","95","10.16","7.99"
"07079","АФИА БОТЕВА","ДИАРОСТАД КАПС. x 10","11014","89","3.36",""
"07079","АФИА БОТЕВА","АКВАФРЕШ четка за зъби DUO clean & flex MEDIUM","11125","80","2.69",""
"07079","АФИА БОТЕВА","СТОПЕРАН КАПС.2МГ Х 8","11131","89","3.27",""
"07079","АФИА БОТЕВА","ЧАЙ ПРИ ГРИП И ПРОСТУДА/СТУД И ЗИМА БИПРОГРАМА","11229","72","1.00",""
"07079","АФИА БОТЕВА","БИОТРЕЙД  АКНЕ АУТ САПУН 100Г","12382","83","6.12",""
"07079","АФИА БОТЕВА","БЕНАЛГИН ТАБЛ. Х 10","12604","96","1.70",""
"07079","АФИА БОТЕВА","ДЕРМОДРИН МАЗ 30ГР","12712","91","3.98",""
"07079","АФИА БОТЕВА","НИЯ САПУН КАТРАНЕН 60ГР","12713","83","0.69",""
"07079","АФИА БОТЕВА","НИЯ САПУН СЕРЕН 60ГР","12714","83","0.69",""
"07079","АФИА БОТЕВА","КСИЗАЛ СОЛ. 5МГ/МЛ 20МЛ","12842","100","5.50",""
"07079","АФИА БОТЕВА","НАЗИК НАЗ.СПРЕЙ ЗА ДЕЦА 10МЛ","12996","97","4.74",""
"07079","АФИА БОТЕВА","ЗЕНАРО ТАБЛ. 5МГ Х 7","13003","100","3.57",""
"07079","АФИА БОТЕВА","МИГ-400 ТАБЛ. 400МГ Х 10","13010","94","2.54",""
"07079","АФИА БОТЕВА","ДИКЛАК МАКС ГЕЛ 5% 100Г","13113","95","8.94",""
"07079","АФИА БОТЕВА","ПАРОДОНТАКС паста за зъби WHITENING 75МЛ","13119","81","5.46",""
"07079","АФИА БОТЕВА","ПРОАЛГИН ТАБЛ. 500МГ Х 20","13407","96","1.28",""
"07079","АФИА БОТЕВА","ФЕЛОРАН гел 1% - 60g  Софарма","13428","95","4.29","3.65"
"07079","АФИА БОТЕВА","НАЗИК НАЗ.СПРЕЙ 10МЛ","13740","97","6.48",""
"07079","АФИА БОТЕВА","АКВАФРЕШ паста за зъби junior 6+ 50ml","13940","81","3.52",""
"07079","АФИА БОТЕВА","РУВЕКСИН ТАБЛ. 325МГ Х 100","13945","96","2.96",""
"07079","АФИА БОТЕВА","АДАПТ. МЛЯКО НАН ОПТИПРО 1 800Г","14239","65","22.85",""
"07079","АФИА БОТЕВА","ЧАЙ БРОНХО ПАМ С ЕХИНАЦЕЯ /ЗЕЛЕН/ ФИЛТЪР Х 30","14306","72","3.63",""
"07079","АФИА БОТЕВА","АСТЕРА PARODONT ACTIVE п.за зъби 75мл.","14726","81","3.21",""
"07079","АФИА БОТЕВА","ПЗ.БИЛКА дент пародонт експерт 75ml","14893","81","2.36",""
"07079","АФИА БОТЕВА","АНАЛГИН ХИН ТАБЛ. 250МГ Х 10","15006","96","1.89",""
"07079","АФИА БОТЕВА","ИМОМЕД ТАБЛ. 2МГ Х 10","15176","89","2.68",""
"07079","АФИА БОТЕВА","СИАФЕН СУСП.100МГ/5МЛ 120МЛ","15215","94","3.61",""
"07079","АФИА БОТЕВА","ДИКЛАК ГЕЛ 1% 50Г","15243","95","6.13",""
"07079","АФИА БОТЕВА","ЛАКАЛУТ ЧЗ. АКТИВ","15427","80","3.87","2.90"
"07079","АФИА БОТЕВА","КАФЕТИН МЕНСТРУАЛ ТАБЛ. 200МГ  Х 10","15432","94","3.26",""
"07079","АФИА БОТЕВА","НУРОФЕН ЕКСПРЕС КАПС. 200МГ Х 10","15451","94","4.59",""
"07079","АФИА БОТЕВА","ДАВ сапун men fresh 100g","15469","83","1.31",""
"07079","АФИА БОТЕВА","АЦЕТИЗАЛ КАРДИО ТАБЛ. 100МГ Х 30","15483","96","1.99",""
"07079","АФИА БОТЕВА","ЕЛГИДИУМ ПЗ. brilliance /за интенз.избелване/","15549","81","8.48",""
"07079","АФИА БОТЕВА","ЕЛГИДИУМ ПЗ.ДЕТСКА bubbles 7-12г 50ml","15613","81","5.09",""
"07079","АФИА БОТЕВА","ЕЛГИДИУМ ПЗ.ДЕТСКА г.плодове 50ml","15614","81","5.09",""
"07079","АФИА БОТЕВА","НИЯ САПУН С ХУМА 60ГР","15629","83","0.69",""
"07079","АФИА БОТЕВА","НУРОФЕН ТАБЛ. 200МГ Х 24","15634","94","5.78",""
"07079","АФИА БОТЕВА","ЙОДАСЕПТ УНГВ. 40Г","15692","92","3.05",""
"07079","АФИА БОТЕВА","ЧАЙ ФИТОЛЕК ГИНКО Х20","15693","72","2.00",""
"07079","АФИА БОТЕВА","ЧАЙ ФИТОЛЕК ЕЛЕГАНС Х20","15695","72","2.00",""
"07079","АФИА БОТЕВА","ЧАЙ ФИТОЛЕК ИМУНО Х20","15696","72","2.00",""
"07079","АФИА БОТЕВА","ЧАЙ ФИТОЛЕК КАРДИО Х20","15697","72","2.00",""
"07079","АФИА БОТЕВА","ЧАЙ ФИТОЛЕК ПРОСТАТА Х 20","15699","72","2.00",""
"07079","АФИА БОТЕВА","ЧАЙ ФИТОЛЕК РЕЛАКС Х 20","15700","72","2.00",""
"07079","АФИА БОТЕВА","ЧАЙ ФИТОЛЕК СЛАБИТЕЛЕН Х 20","15701","72","2.00",""
"07079","АФИА БОТЕВА","ЧАЙ ФИТОЛЕК УРО Х20","15702","72","2.00",""
"07079","АФИА БОТЕВА","ЧАЙ ФИТОЛЕК ФАРИНГО Х 20","15703","72","2.00",""
"07079","АФИА БОТЕВА","ДУЛКОЛАКС ТАБЛ. 5МГ Х 30","15745","88","5.86",""
"07079","АФИА БОТЕВА","ЧАЙ МЕЧО ГРОЗДЕ ФИЛТЪР Х 20 БИОПРОГРАМА","15811","72","1.00",""
"07079","АФИА БОТЕВА","ДИАЛГИН ДЖУНИЪР САШЕ 250МГ Х 5 ХИМАКС","16102","96","1.89",""
"07079","АФИА БОТЕВА","ГЛИМБАКС ОРАЛ 200МЛ","16307","95","9.36",""
"07079","АФИА БОТЕВА","ДАВ сапун supreme creme oil  100г","16326","83","1.31",""
"07079","АФИА БОТЕВА","АЦЕТИЗАЛ КАРДИО ТАБЛ. 100МГ Х 100","16331","96","5.99",""
"07079","АФИА БОТЕВА","СЕНСОДИН паста за зъби REPAIR 75ml","16533","81","7.76",""
"07079","АФИА БОТЕВА","МИГ ЗА ДЕЦА СИРОП 20МГ/МЛ 100МЛ","16551","94","3.76",""
"07079","АФИА БОТЕВА","АЦЕТИЗАЛ КАРДИО ТАБЛ. 75МГ Х 100","16734","96","4.73",""
"07079","АФИА БОТЕВА","БОЧКО САПУН ЛАЙКА 75ГР","16793","83","0.99",""
"07079","АФИА БОТЕВА","АПИРИ ТАБЛ. 100МГ Х 30","16840","96","1.93",""
"07079","АФИА БОТЕВА","ЕЛГИДИУМ ПЗ.СЕНЗИТИВ 75ml","16988","81","6.63",""
"07079","АФИА БОТЕВА","ВОЛТАРЕН ФОРТЕ ГЕЛ 2,32% 50ГР","17051","95","8.96","6.99"
"07079","АФИА БОТЕВА","ЧАЙ БАБИНИ ЗЪБИ ФИЛТЪР Х 20 БИОПРОГРАМА","17074","72","1.19",""
"07079","АФИА БОТЕВА","ЛАКАЛУТ ПЗ. УАЙТ И РИПЕЪР 75МЛ","17078","81","4.89","3.67"
"07079","АФИА БОТЕВА","ДИАЛГИН САШЕТИ 500МГ Х 20 ХИМАКС","17543","96","6.77",""
"07079","АФИА БОТЕВА","ОТИРЕЛАКС СОЛ. 15МЛ","17705","101","4.06",""
"07079","АФИА БОТЕВА","АДАПТ. МЛЯКО ФРИЗОЛАК 2  400ГР + ЛЪЖИЧКА","17765","65","9.08",""
"07079","АФИА БОТЕВА","АКВАФРЕШ паста за зъби fresh&minty  синя 75ml","17840","81","2.03","1.62"
"07079","АФИА БОТЕВА","ЛАКАЛУТ ПЗ. АКТИВ ХЕРБАЛ 75МЛ","17989","81","3.87","2.90"
"07079","АФИА БОТЕВА","ПАРОДОНТАКС паста за зъби EXTRA FRESH 75МЛ","18011","81","5.46",""
"07079","АФИА БОТЕВА","ЕЛГИДИУМ ПЗ.ДЕТСКА свежа ягода 50ml","18223","81","5.09",""
"07079","АФИА БОТЕВА","ЧАЙ ФИТОЛЕК ГАСТРО Х20","18338","72","2.00",""
"07079","АФИА БОТЕВА","ЕЛГИДИУМ ПЗ.АНТИКАРИЕС 75ml","18398","81","6.07",""
"07079","АФИА БОТЕВА","СЕНСОДИН паста за зъби PROTECT&REPAIR WHITENING 75МЛ","18419","81","6.80",""
"07079","АФИА БОТЕВА","НУРОФЕН ЕКСПРЕС ФОРТЕ КАПС. 400МГ Х 10","18430","94","5.43",""
"07079","АФИА БОТЕВА","ЧАЙ ВЪЛШЕБНИК филтър х20 БИОПРОГРАМА","18452","72","1.25",""
"07079","АФИА БОТЕВА","ЧАЙ МАТОЧИНА ФИЛТЪР Х16 БИЛЕК","18583","72","1.56",""
"07079","АФИА БОТЕВА","ЧАЙ БРОНХОЛЕК ГРЪДЕН Ф.Х 16","18584","72","1.68",""
"07079","АФИА БОТЕВА","ЛАКТАНА БИО 1 адпт. мляко 600гр.","18647","65","18.52",""
"07079","АФИА БОТЕВА","АНАЛГИН КАПКИ 500МГ/МЛ 20МЛ СФ","18658","96","3.22",""
"07079","АФИА БОТЕВА","ЧАЙ ФИТОЛЕК ЛАКТО Х20","18690","72","2.00",""
"07079","АФИА БОТЕВА","НУРОФЕН ФЕМИНА ФОРТЕ табл.х 12","18693","94","5.43",""
"07079","АФИА БОТЕВА","ПЗ.БИЛКА дент експерт избелваща 75ml","18765","81","2.51",""
"07079","АФИА БОТЕВА","ДАВ сапун go fresh restore 100g","18766","83","1.31",""
"07079","АФИА БОТЕВА","ФЕЛОРАН ФОРТЕ ГЕЛ 5% 40ГР","18775","95","5.50","4.68"
"07079","АФИА БОТЕВА","БИЗАКОДИЛ СОФАРМА СУПОЗ. 5МГ Х 6","18919","88","2.35",""
"07079","АФИА БОТЕВА","БИОРИПЕЪР пз night repair 75ml","18969","81","4.55",""
"07079","АФИА БОТЕВА","БИОРИПЕЪР пз Junior  ЯГОДА 50ml","18970","81","3.04",""
"07079","АФИА БОТЕВА","ЧАЙ МЕНТА ФИЛТЪР Х 20 БИОПРОГРАМА","19084","72","0.96",""
"07079","АФИА БОТЕВА","ЧАЙ ФИТОЛЕК ДИАБЕТ","19312","72","2.00",""
"07079","АФИА БОТЕВА","БОЧКО САПУН НЕВЕН 75ГР","19341","83","0.99",""
"07079","АФИА БОТЕВА","БОЧКО САПУН ЛАВАНДУЛА 75ГР","19342","83","0.99",""
"07079","АФИА БОТЕВА","ЕЛГИДИУМ ЧЗ.diffusion S","19382","80","5.95",""
"07079","АФИА БОТЕВА","ЕЛГИДИУМ ЧЗ.избелваща S","19392","80","6.34",""
"07079","АФИА БОТЕВА","ЧАЙ БИОБРОНХО ФИЛТЪР Х 20 БИОПРОГРАМА","19513","72","1.00",""
"07079","АФИА БОТЕВА","ЧАЙ ЛАЙКА ФИЛТЪР Х 20 БИОПРОГРАМА","19514","72","0.96",""
"07079","АФИА БОТЕВА","ЧАЙ ЗА БЪБРЕЦИ ПО ЛАМБРЕВ Х 30","19519","72","2.69",""
"07079","АФИА БОТЕВА","ЧАЙ ФИТОЛЕК БРОНХО Х 20","19624","72","2.00",""
"07079","АФИА БОТЕВА","ЧАЙ ЦЯРЪ при бъбречни проблеми х 30","20221","72","3.39",""
"07079","АФИА БОТЕВА","ЧАЙ ЦЯРЪ при кашлица и бронхит х 30","20223","72","3.39",""
"07079","АФИА БОТЕВА","ЧАЙ ЦЯРЪ при киселини в стомаха х 30","20224","72","3.39",""
"07079","АФИА БОТЕВА","ЧАЙ ЦЯРЪ при проблеми на жлъчката х 30","20225","72","3.39",""
"07079","АФИА БОТЕВА","ЧАЙ ЦЯРЪ слабителен х 30","20226","72","3.39",""
"07079","АФИА БОТЕВА","ЧАЙ ЦЯРЪ срещу лошия холестерол х 30","20227","72","3.39",""
"07079","АФИА БОТЕВА","ИМОДИУМ ИНСТАНТ ОРОДИСП. ТАБЛ. 2МГ Х 6","20294","89","4.16",""
"07079","АФИА БОТЕВА","ЧАЙ ЛЕКА НОЩ филтър х20 БИОПРОГРАМА","20307","72","0.80",""
"07079","АФИА БОТЕВА","ДОЛОРЕН ТАБЛ. 200МГ Х 10","20458","94","1.55",""
"07079","АФИА БОТЕВА","НИЯ САПУН КАТРАНЕН+БИЛКИ 60ГР.","20660","83","0.69",""
"07079","АФИА БОТЕВА","ЧАЙ МАТОЧИНА ФИЛТЪР Х 20 БИОПРОГРАМА","20755","72","0.85",""
"07079","АФИА БОТЕВА","ЧАЙ РОДОПСКИ филтър х20 БИОПРОГРАМА","20757","72","0.80",""
"07079","АФИА БОТЕВА","ЧАЙ КАРКАДЕ ФИЛТЪР Х20 АЛИН","20762","72","0.97",""
"07079","АФИА БОТЕВА","ЧАЙ ОТСЛАБВАНЕ филтър х20 БИОПРОГРАМА","20796","72","1.00",""
"07079","АФИА БОТЕВА","ХИП 1 COMBIOTIK адапт.мляко 300г.","20833","64","10.21",""
"07079","АФИА БОТЕВА","ГЪМ четка за зъби technique soft","20848","80","3.33",""
"07079","АФИА БОТЕВА","ВЛ. КЪРПИ BABY BEBELAN СМРАДЛИКА+ЛАЙКА с капак х80","20866","84","1.94",""
"07079","АФИА БОТЕВА","А-ДЕРМА дерматологичен сапун с екстракт от Риалба","21054","83","7.54",""
"07079","АФИА БОТЕВА","ГЪМ четка за зъби activital soft","21076","80","4.85",""
"07079","АФИА БОТЕВА","АЦЦ ЗА ДЕЦА СОЛ 20МГ/МЛ ПЕРОРАЛЕН Р-Р 100МЛ","21657","99","6.85",""
"07079","АФИА БОТЕВА","ДИАЛГИН САШЕТА 1000МГ Х 6 ХИМАКС","21780","96","2.46",""
"07079","АФИА БОТЕВА","ДОЛОРЕН ТАБЛ. 400МГ Х 12","21854","94","2.55",""
"07079","АФИА БОТЕВА","НИЯ САПУН П-В АКНЕ НЕВЕН 60ГР","21884","83","0.69",""
"07079","АФИА БОТЕВА","НИЯ САПУН П-В АКНЕ СМРАДЛИКА 60ГР","21885","83","0.69",""
"07079","АФИА БОТЕВА","САПУН БИРЕН 70г","21886","83","0.69",""
"07079","АФИА БОТЕВА","ЛАКТАНА БИО 2 адпт. мляко 600гр.","21904","65","18.52",""
"07079","АФИА БОТЕВА","ЕЛГИДИУМ ПЗ.АНТИПЛАКА 100ml","21972","81","7.68",""
"07079","АФИА БОТЕВА","АДАПТ. МЛЯКО АПТАМИЛ AR 400ГР","22022","65","14.15",""
"07079","АФИА БОТЕВА","ЧАЙ ФИЛТЪР AHMAD ЧЕРЕН ЧАЙ АНГЛИЙСКА ЗАКУСКА х 20","22072","72","2.95",""
"07079","АФИА БОТЕВА","ЧАЙ ФИЛТЪР AHMAD ЧЕРЕН ЧАЙ ЪРЛ ГРЕЙ х 20","22073","72","2.95",""
"07079","АФИА БОТЕВА","АПТАМИЛ Premature за недоносени деца 400г","22085","65","14.05",""
"07079","АФИА БОТЕВА","АДАПТ. МЛЯКО АПТАМИЛ  БЕЗ ЛАКТОЗА 400ГР","22123","65","11.70",""
"07079","АФИА БОТЕВА","ЧАЙ ЧЕРЕН БЪЗ ФИЛТЪР Х16 БИЛЕК","22353","72","1.68",""
"07079","АФИА БОТЕВА","АЛМИРАЛ ГЕЛ 1,16% 50ГР","22445","95","5.59",""
"07079","АФИА БОТЕВА","АДАПТ. МЛЯКО НАН КОМФОРТИС 1 800Г","22500","65","19.94",""
"07079","АФИА БОТЕВА","ЕЛГИДИУМ ЧЗ.Inspiration S","22681","80","5.95",""
"07079","АФИА БОТЕВА","ДИАЛГИН КАПКИ 500МГ/МЛ 20 МЛ","22854","96","4.18",""
"07079","АФИА БОТЕВА","БОЧКО МОКРИ КЪРПИ ЛАВАНДУЛА Х 64","22865","84","1.20",""
"07079","АФИА БОТЕВА","АДАПТ. МЛЯКО НАН 3 400Г","22871","65","11.43",""
"07079","АФИА БОТЕВА","ИБУТОП КРЕМ 50ГР","22881","94","5.56",""
"07079","АФИА БОТЕВА","ЗЕНАРО ТАБЛ. 5МГ Х 28","22923","100","9.70",""
"07079","АФИА БОТЕВА","ЧАЙ ЛАЙКА ФИЛТЪР Х16 БИЛЕК","22966","72","1.61",""
"07079","АФИА БОТЕВА","ЧАЙ МЕЧО ГРОЗДЕ ФИЛТЪР Х16 БИЛЕК","22967","72","1.61",""
"07079","АФИА БОТЕВА","ТЕО БЕБЕ сапун лавандула 75гр","23016","83","0.86",""
"07079","АФИА БОТЕВА","АДАПТ. МЛЯКО ФРИЗОЛАК ПЕП АС 400ГР","23483","65","15.13",""
"07079","АФИА БОТЕВА","ВЛ. КЪРПИ BABY BEBELAN ЛАЙКА+АЛОЕ с капак х25","23700","84","0.61",""
"07079","АФИА БОТЕВА","ВЛ. КЪРПИ BABY BEBELAN СМРАДЛИКА+ЛАЙКА с капак х25","23701","84","0.61",""
"07079","АФИА БОТЕВА","ХИМАЛАЯ САПУН С НИЙМ И КУРКУМА 75ГР","23777","83","0.99",""
"07079","АФИА БОТЕВА","ВЛ. КЪРПИ BABY BEBELAN НЕВЕН +ЛАЙКА с капак х80","24142","84","1.94",""
"07079","АФИА БОТЕВА","ДАВ сапун кокос 100g","24213","83","1.31",""
"07079","АФИА БОТЕВА","ЧАЙ ФИЛТЪР AHMAD РОЙБОС/КАНЕЛАх 20","24333","72","2.71",""
"07079","АФИА БОТЕВА","ШАМПОАН ХИНИН 500мл.","24460","82","2.66",""
"07079","АФИА БОТЕВА","СТРЕПСИЛС ИНТЕНЗИВ спрей 8.75 mg/dose 15мл","24723","98","8.06",""
"07079","АФИА БОТЕВА","ЕКЗОДЕРИЛ 1%  СОЛ. 20МЛ","25011","90","12.26",""
"07079","АФИА БОТЕВА","САПУН АЛОЕ ВЕРА 60г.","25161","83","0.69",""
"07079","АФИА БОТЕВА","НИЯ САПУН С КОПРИВА 60ГР.","25164","83","0.69",""
"07079","АФИА БОТЕВА","НИЯ САПУН С НЕВЕН 60ГР.","25165","83","0.69",""
"07079","АФИА БОТЕВА","АЦЕЦИС САШЕТА 200МГ Х 20","25316","99","5.10",""
"07079","АФИА БОТЕВА","ЕЛГИДИУМ ПЗ.ДЕТСКА банан 2-6г 50ml","25335","81","5.09",""
"07079","АФИА БОТЕВА","НИЯ САПУН СЪС СМРАДЛИКА 60ГР","25467","83","0.69",""
"07079","АФИА БОТЕВА","АДАПТ. МЛЯКО ФРИЗО 4 400ГР","25541","65","8.63",""
"07079","АФИА БОТЕВА","ЧАЙ МЕНТА ФИЛТЪР Х16 БИЛЕК","25623","72","1.61",""
"07079","АФИА БОТЕВА","ЕЛГИДИУМ ПЗ.ИЗБЕЛВАЩА 75ml лимон","25713","81","7.21",""
"07079","АФИА БОТЕВА","ЧАЙ ФИЛТЪР AHMAD ЧЕРЕН ЧАЙ ЦЕЙЛОН х 20","26073","72","2.95",""
"07079","АФИА БОТЕВА","ЧАЙ ФИЛТЪР AHMAD ПЛОДОВ ПРАСКОВА/МАРАКУЯ  х 20","26074","72","2.95",""
"07079","АФИА БОТЕВА","ЧАЙ ФИЛТЪР AHMAD ПЛОДОВ СЕЛЕКЦИЯ  х 20","26077","72","2.96",""
"07079","АФИА БОТЕВА","АЦЕСАЛ ПРОТЕКТ 100МГ ТАБЛ. Х 40","26085","96","2.96","2.37"
"07079","АФИА БОТЕВА","АДАПТ. МЛЯКО НАН ОПТИПРО 2 800Г","26094","65","20.34",""
"07079","АФИА БОТЕВА","ЗЕРОТРОМБ ТАБЛ. 100МГ Х 30","26128","96","2.49",""
"07079","АФИА БОТЕВА","АЦЦ ЕФ.ТАБЛ. 600МГ Х 10","26148","99","8.64","6.91"
"07079","АФИА БОТЕВА","АКВАФРЕШ паста за зъби intense clean deep action 75 ml","26197","81","3.52","2.64"
"07079","АФИА БОТЕВА","АКВАФРЕШ паста за зъби intense whitening 75 ml","26198","81","3.52","2.64"
"07079","АФИА БОТЕВА","ПАРОДОНТАКС паста за зъби ultra clean 75 ml","26199","81","5.46",""
"07079","АФИА БОТЕВА","НУРОФЕН СУСП. за юноши ягода 200 mg/5ml 100мл","26244","94","5.87",""
"07079","АФИА БОТЕВА","ПАНАКТИВ СУСП. 100МГ/5МЛ 120МЛ","26363","94","3.57",""
"07079","АФИА БОТЕВА","ХИМАЛАЯ САПУН  с краставица 75гр","26570","83","1.12",""
"07079","АФИА БОТЕВА","АДАПТ. МЛЯКО НАН 3 800г","26639","65","19.42",""
"07079","АФИА БОТЕВА","САПУН Докторски","26689","83","1.35",""
"07079","АФИА БОТЕВА","ВЛ. КЪРПИ LARA x 120 бр. лайка","26780","84","1.52",""
"07079","АФИА БОТЕВА","ВЛ. КЪРПИ LARA x 120 бр. гербер","26781","84","1.52",""
"07079","АФИА БОТЕВА","ВЛ. КЪРПИ LARA x 120 бр. алое","26782","84","1.52",""
"07079","АФИА БОТЕВА","ЛАКТАНА БИО 3 адпт. мляко 600гр.","26955","65","15.64",""
"07079","АФИА БОТЕВА","ЧАЙ ЦЯР за пречистване на кръвта  Х30","27072","72","3.39",""
"07079","АФИА БОТЕВА","ЧАЙ ЦЯРЪ ДИАБЕТИЦИ Х30","27159","72","3.39",""
"07079","АФИА БОТЕВА","ИБУРАПИД 400МГ ТАБЛ. Х 10","27217","94","3.95",""
"07079","АФИА БОТЕВА","АЗПИЗАЛ ТАБЛ. 325МГ Х 100","27261","96","2.58",""
"07079","АФИА БОТЕВА","ЛАКАЛУТ ПЗ. АКТИВ 75ml + ЧЕТКA","27410","81","3.87",""
"07079","АФИА БОТЕВА","ХИМАЛАЯ САПУН С МЕД И МЛЯКО 75ГР","27450","83","1.12",""
"07079","АФИА БОТЕВА","НУРОФЕН СУСП. за юноши портокал 200 mg/5ml  100мл","27521","94","6.26",""
"07079","АФИА БОТЕВА","ВЛ. КЪРПИ LARA x 120 бр. лавандула","27579","84","1.52",""
"07079","АФИА БОТЕВА","ПЗ.БИЛКА дент хималайска сол","27618","81","2.22",""
"07079","АФИА БОТЕВА","БИОРИПЕЪР пз Junior 6-12 mint 75 ml","27642","81","3.47",""
"07079","АФИА БОТЕВА","ДИАЛГИН САШЕТА 500mg x 6","27974","96","2.36",""
"07079","АФИА БОТЕВА","ВЛ. КЪРПИ LARA x 120 бр.фамилни + роза","28195","84","1.52",""
"07079","АФИА БОТЕВА","ПЗ.БИЛКА дент хомеопатична дж.+лайм","28291","81","2.51",""
"07079","АФИА БОТЕВА","ПЗ.БИЛКА дент хомеопатична мастиха","28292","81","2.51",""
"07079","АФИА БОТЕВА","ЧАЙ ЦЯР при подагра Х30","28410","72","3.39",""
"07079","АФИА БОТЕВА","ЧАЙ ЦЯР простатит  Х30","28411","72","3.39",""
"07079","АФИА БОТЕВА","ЕКЗОДЕРИЛ 1%  КРЕМ 30ГР","28444","90","9.65",""
"07079","АФИА БОТЕВА","АСПИРИН УЛТРА ТАБЛ. 500МГ Х 20","28454","96","4.72",""
"07079","АФИА БОТЕВА","АСПИРИН УЛТРА ТАБЛ. 500МГ Х 8","28455","96","1.84",""
"07079","АФИА БОТЕВА","ЧАЙ ФИТОЛЕК ЕХИНАЦЕЯ Х20","28467","72","2.00",""
"07079","АФИА БОТЕВА","ХИМАЛАЯ САПУН С БАДЕМ 75ГР","28496","83","1.12",""
"07079","АФИА БОТЕВА","ДЖОНСЪН шампоан лайка 300ml","28660","82","4.49",""
"07079","АФИА БОТЕВА","СТРЕПСИЛС ИНТЕНЗИВ tabl. x 24","28694","98","8.06",""
"07079","АФИА БОТЕВА","АДАПТ. МЛЯКО АПТАМИЛ ADC 400ГР","28964","65","14.57",""
"07079","АФИА БОТЕВА","АЛМИРАЛ ГЕЛ 1,16% 250Г","28978","95","14.46",""
"07079","АФИА БОТЕВА","ВЛ. КЪРПИ LARA x 120 бр.фамилни цитрус","29121","84","1.52",""
"07079","АФИА БОТЕВА","ВЛ. КЪРПИ LARA x 120 бр. премиум","29122","84","1.52",""
"07079","АФИА БОТЕВА","ИБУЛЕК 600МГ САШЕТА Х 10","29538","94","7.32",""
"07079","АФИА БОТЕВА","АСТЕРА PARODONT STOP п.за зъби 75мл.","29847","81","3.21",""
"07079","АФИА БОТЕВА","ВОЛТАРЕН ФОРТЕ ГЕЛ 2,32% 150ГР","29938","95","18.40","14.72"
"07079","АФИА БОТЕВА","СЕНСОДИН паста за зъби RAPID RELIEF 75ml","30004","81","7.76",""
"07079","АФИА БОТЕВА","БИОРИПЕЪР ПЗ PRO WHITE 75ml","30290","81","4.55",""
"07079","АФИА БОТЕВА","ЧАЙ ЛИПА ФИЛТЪР Х16 БИЛЕК","30398","72","1.61",""
"07079","АФИА БОТЕВА","АКАРД ТАБЛ. 75МГ Х 30","30443","96","2.25",""
"07079","АФИА БОТЕВА","ЕЛГИДИУМ ПЗ.АНТИПЛАКА  50мл","30480","81","5.09",""
"07079","АФИА БОТЕВА","СЛЪНЧО КАША 4мес. БАНАНОВА МЛЕЧНА безглутенова 200г.","30687","63","2.50",""
"07079","АФИА БОТЕВА","ИБУЛЕК 400МГ САШЕТА Х 10","30698","94","5.85",""
"07079","АФИА БОТЕВА","СЛЪНЧО КАША 6мес. БИСКВИТЕНО БАНАНОВА млечна 200г.","30699","63","2.65",""
"07079","АФИА БОТЕВА","ЧАЙ ФИЛТЪР AHMAD ЧЕРЕН ЧАЙ АНГЛИЙСКИ X20","30753","72","2.95",""
"07079","АФИА БОТЕВА","АНГАЛ МЕНТОЛ СПРЕЙ 2МГ/МЛ+0,5МГ/МЛ 30МЛ","30922","98","9.74",""
"07079","АФИА БОТЕВА","АНГАЛ МЕНТОЛ ТАБЛ. ЗА СМУЧЕНЕ 5МГ/1МГ Х 24","30923","98","7.45",""
"07079","АФИА БОТЕВА","БИОТРЕЙД  ПЮЪР СКИН ЧЕРЕН ДЕТОКС САПУН 100ГР","31073","83","6.45",""
"07079","АФИА БОТЕВА","СЕНСОДИН четка за зъби gentle care soft","31111","80","4.89",""
"07079","АФИА БОТЕВА","АЦЦ ДИРЕКТ ПРАХ 600МГ Х 10","31211","99","8.69","6.95"
"07079","АФИА БОТЕВА","ВЛ. КЪРПИ LARA x 15 бр. VINTAGE MIX","31213","84","0.26",""
"07079","АФИА БОТЕВА","АЛМИРАЛ ГЕЛ 1,16% 100Г","31255","95","7.60",""
"07079","АФИА БОТЕВА","КСИВОЗАН ТАБЛ. 5МГ Х 10","31346","100","5.21",""
"07079","АФИА БОТЕВА","ОВКО пюре сладък картоф 4+м, 100гр","31432","64","1.02",""
"07079","АФИА БОТЕВА","ОВКО пюре манго с банани 4 м, 190 гр","31433","64","1.14",""
"07079","АФИА БОТЕВА","ОВКО пюре ябълки и моркови 4м, 190гр","31436","64","0.96",""
"07079","АФИА БОТЕВА","ОВКО пюре банан 4м, 190гр","31438","64","1.10",""
"07079","АФИА БОТЕВА","ОВКО пюре манго 4м, 190 гр","31440","64","1.04",""
"07079","АФИА БОТЕВА","ОВКО пюре сливи 4м , 190 гр","31441","64","1.10",""
"07079","АФИА БОТЕВА","ОВКО пюре ябълки и праскови 4м, 190 гр","31442","64","1.15",""
"07079","АФИА БОТЕВА","ОВКО пюре ябълки, кайсии, моркови 4м, 190 гр","31443","64","1.02",""
"07079","АФИА БОТЕВА","ОВКО пюре ябълки, банани и праскови 4м, 190 гр","31444","64","1.10",""
"07079","АФИА БОТЕВА","ОВКО  асорти градински плод 5м, 190 гр","31452","64","1.07",""
"07079","АФИА БОТЕВА","ОВКО пюре тиква с ябълки и моркови 4м, 190гр","31454","64","0.99",""
"07079","АФИА БОТЕВА","ОВКО пюре тиквички с картофи 4м, 190гр","31457","64","1.04",""
"07079","АФИА БОТЕВА","ОВКО мл.каша ябълки и сливи с елда 5м, 190гр","31458","63","1.04",""
"07079","АФИА БОТЕВА","ОВКО мл.каша ябълки, кайсии и овесени ядки 4м, 190гр","31462","63","1.14",""
"07079","АФИА БОТЕВА","ОВКО мл.каша банан, ябълка и бисквити 4м, 190гр","31463","63","1.14",""
"07079","АФИА БОТЕВА","ОВКО мл.каша ябълки,круши и бисквити 4м, 190гр","31464","63","1.14",""
"07079","АФИА БОТЕВА","ОВКО пюре пуешко със зеленчуци 6м, 190гр","31465","64","1.21",""
"07079","АФИА БОТЕВА","ОВКО пюре фин заек и пиле със зеленчуци 6м, 190гр","31467","63","1.53",""
"07079","АФИА БОТЕВА","ОВКО пюре асорти със зеленчуци 4м, 190гр","31468","64","1.02",""
"07079","АФИА БОТЕВА","ОВКО пюре зеленчукова супа с пиле и ориз 6м, 190гр","31469","64","1.26",""
"07079","АФИА БОТЕВА","КЕТОНАЛ КАПС. 50МГ Х 20","31632","94","6.64",""
"07079","АФИА БОТЕВА","ЛАКАЛУТ ПЗ. АНТИ КАРИЕС 75МЛ","32022","81","3.87","2.90"
"07079","АФИА БОТЕВА","НУРОФЕН 7+ за юноши портокал 100мг  дъвч.капс. х 12","32268","94","5.76",""
"07079","АФИА БОТЕВА","АКАРД ТАБЛ. 150МГ Х 30","32390","96","3.37",""
"07079","АФИА БОТЕВА","АКВАФРЕШ паста за зъби fresh&minty  зелена 75ml","32655","81","2.03","1.62"
"07079","АФИА БОТЕВА","МИГ ДЖУНИЪР СИРОП 40МГ/МЛ 100МЛ","32757","94","4.73",""
"07079","АФИА БОТЕВА","АСТЕРА PARODONT ACTIVE ПОМОРИЙСКА ЛУГА п.за зъби 75мл.","32815","81","3.38",""
"07079","АФИА БОТЕВА","ИБУПРОМ НАСТИНКА И ГРИП ЗА ДЕЦА ТАБЛ. 200МГ Х 10","32962","94","3.34",""
"07079","АФИА БОТЕВА","АСТЕРА PARODONT ACTIVE АКТИВЕН ВЪГЛЕН п.за зъби 75мл.","32993","81","3.21",""
"07079","АФИА БОТЕВА","БИОРИПЕЪР ЧЗ SOFT","33066","80","2.61",""
"07079","АФИА БОТЕВА","АНАЛГИН МАКС САШЕ 1000МГ Х 6","33172","96","2.99","2.54"
"07079","АФИА БОТЕВА","ХИП 1 COMBIOTIK адапт.мляко 800г.","33377","65","23.36",""
"07079","АФИА БОТЕВА","ЕЛГИДИУМ ПЗ.мултифункционална 75ml","33411","81","7.21",""
"07079","АФИА БОТЕВА","ЕЛГИДИУМ ПЗ. perioblock  care 75ml","33412","81","7.68",""
"07079","АФИА БОТЕВА","ЕЛГИДИУМ ПЗ.успокояваща за раздразнени венци 75ml","33413","81","7.21",""
"07079","АФИА БОТЕВА","ЛАКАЛУТ ПЗ. АКТИВ & УАЙТ С ЕНЗИМИ 75МЛ","33500","81","4.89",""
"07079","АФИА БОТЕВА","ОВКО пюре зеленчуково 4м , 190 гр","33649","64","1.05",""
"07079","АФИА БОТЕВА","НУРОФЕН лечебен пластир 200mg 2 броя","33678","94","7.40",""
"07079","АФИА БОТЕВА","ИБУПРОМ СПРИНТ МАКС КАПС. 400МГ Х 10","33711","94","4.77",""
"07079","АФИА БОТЕВА","ГЛИМБАКС 0.148 % СПРЕЙ 15ml","33779","95","10.35",""
"07079","АФИА БОТЕВА","ПАРОДОНТАКС паста за зъби herbal 75ml","33794","81","5.46",""
"07079","АФИА БОТЕВА","ПАРОДОНТАКС паста за зъби complete protection  white75ml","33795","81","6.58","4.74"
"07079","АФИА БОТЕВА","ЗЕОЛИТ САПУН 100г.","33945","83","1.77",""
"07079","АФИА БОТЕВА","ЕЛГИДИУМ ПЗ.ДЕТСКА сладка мента 7-12г 50ml","33996","81","5.29",""
"07079","АФИА БОТЕВА","ХИП 2 COMBIOTIK адапт.мляко 800г.","34235","65","23.36",""
"07079","АФИА БОТЕВА","ЧАЙ БЪЗ ЦВЯТ И ЛИМОН  филтър х20 БЧК","34436","72","1.12",""
"07079","АФИА БОТЕВА","ВИТАСИН САПУН с Гераниево масло 70г.","34531","83","1.19",""
"07079","АФИА БОТЕВА","АНАЛГИН МАКС САШЕ 1000МГ Х 20","34552","96","7.99","6.79"
"07079","АФИА БОТЕВА","АПТАМИЛ Comfort 1  Pro Exp 0-6м. 400г","34575","65","13.49",""
"07079","АФИА БОТЕВА","ЕЛГИДИУМ ПЗ.разкриваща плаката 50ml","34576","81","7.06",""
"07079","АФИА БОТЕВА","ЧАЙ ЖЪЛТ КАНТАРИОН ФИЛТЪР Х16","34589","72","1.34",""
"07079","АФИА БОТЕВА","АКВАФРЕШ паста за зъби ACTIVE WHITE 125ml","34623","81","2.69",""
"07079","АФИА БОТЕВА","АКВАФРЕШ паста за зъби деца 9-12 75ml","34624","81","3.52",""
"07079","АФИА БОТЕВА","ЧАЙ ФИЛТЪР AHMAD ЧЕРЕН ЧАЙ СПАЙС X20","34630","72","2.95",""
"07079","АФИА БОТЕВА","АПТАМИЛ Comfort 2  Pro Exp 6+м. 400г","34632","65","13.44",""
"07079","АФИА БОТЕВА","АДАПТ. МЛЯКО ФРИЗОЛАК LF 400ГР","34712","65","11.35",""
"07079","АФИА БОТЕВА","ИБУПРОМ СПРИНТ 200МГ Х10","34772","94","3.92",""
"07079","АФИА БОТЕВА","СТРЕПСИЛС ИНТЕНЗИВ ПОРТОКАЛ таблетки*16","34866","98","5.73",""
"07079","АФИА БОТЕВА","ЧАЙ ЖЪЛТ КАНТАРИОН филтър х 20 БИОПРОГРАМА","34909","72","0.90",""
"07079","АФИА БОТЕВА","ПАНАКТИВ ФОРТЕ СУСП. 200МГ/5МЛ 40МЛ","35058","94","2.83",""
"07079","АФИА БОТЕВА","БЕНАЛГИН РАПИД ПРАХ ЗА ПЕРОР.Р-Р САШЕ Х 10","35202","96","3.92",""
"07079","АФИА БОТЕВА","ЛАКАЛУТ ПЗ.СЕНЗИТИВ & УАЙТ С ЕНЗИМИ 75 МЛ.","35216","81","4.89",""
"07079","АФИА БОТЕВА","СЕНСОДИН паста за зъби sensivity and gum 75ml","35268","81","7.76",""
"07079","АФИА БОТЕВА","КЕТОНАЛ ИНТЕНЗИВ САШЕ 50МГ Х 12","35306","94","7.66",""
"07079","АФИА БОТЕВА","ПЗ ПОМОРИН АКТИВ ПАРОДОНТИТ","35426","81","1.77",""
"07079","АФИА БОТЕВА","ЧАЙ ФИЛТЪР AHMAD ХРАНОСМИЛАНЕ","35651","72","2.85",""
"07079","АФИА БОТЕВА","ЧАЙ ФИЛТЪР AHMAD СЪН","35652","72","2.85",""
"07079","АФИА БОТЕВА","ЕНТЕРОЛ прахчета 250мг.*20","35681","89","13.28",""
"07079","АФИА БОТЕВА","АКВАФРЕШ паста за зъби splash деца 3-8 г.","35790","81","3.52",""
"07079","АФИА БОТЕВА","АДАПТ. МЛЯКО АПТАМИЛ AR2 400ГР","35818","65","13.76",""
"07079","АФИА БОТЕВА","ЕНТЕРОЛ КАПС. 250МГ Х 12","35837","89","6.94",""
"07079","АФИА БОТЕВА","АРОМА САПУН АНТИБАКТЕРИАЛЕН ВЪГЛЕН 90г./ЧИСТО/","35860","83","1.07",""
"07079","АФИА БОТЕВА","ФАРИНГОСЕПТ ТАБЛ. ЗА СМУЧЕНЕ 8,75МГ Х 20","35935","98","4.33",""
"07079","АФИА БОТЕВА","ДИАЛГИН КИДС КАПКИ 500МГ/МЛ 20МЛ","36126","96","4.68",""
"07079","АФИА БОТЕВА","СЛЪНЧО КАША 4мес. ЗЪРНИН М млечна 200г.","36180","63","2.50",""
"07079","АФИА БОТЕВА","СЛЪНЧО КАША 4мес. ПШЕНИЧНО МЛЕЧНА 200г.","36181","63","2.56",""
"07079","АФИА БОТЕВА","СЛЪНЧО КАША 4мес. СЛАДЪК СЪН ОРИЗ МЛЕЧНА безглутенова 200г.","36182","63","2.80",""
"07079","АФИА БОТЕВА","ЛАРА САПУН 375 МЛ. КОКОС","36287","83","1.38",""
"07079","АФИА БОТЕВА","ДАВ сапун РОЗОВ 100g","36301","83","1.31",""
"07079","АФИА БОТЕВА","СЕНСОДИН четка за зъби advanced clean soft","36368","80","4.89",""
"07079","АФИА БОТЕВА","Сапун КРИСПА ЧИСТ ГЛИЦЕРИН+НАР 100ГР","36369","83","1.21",""
"07079","АФИА БОТЕВА","ТЕО БЕБЕ ВЛ.КЪРПИ SENSITIVE 72бр С КАПАК","36475","84","1.56",""
"07079","АФИА БОТЕВА","ЕЛГИДИУМ ПЗ.SENSILEAVE 50 ml","36507","81","7.31",""
"07079","АФИА БОТЕВА","АДАПТ. МЛЯКО НАН КОМФОРТИС 2 800Г","36547","65","19.94",""
"07079","АФИА БОТЕВА","ОКЛИС ФОРТЕ САШЕ 600МГ Х 10","36596","94","6.47",""
"07079","АФИА БОТЕВА","ВЛ. КЪРПИ BABY BEBELAN Сребърна вода х 60","36992","84","1.94",""
"07079","АФИА БОТЕВА","ХИП 3 COMBIOTIK адапт.мляко 500г.","37010","65","12.82",""
"07079","АФИА БОТЕВА","ИБУЛЕК ЗА ДЕЦА СУСП. 100МГ/5МЛ 120МЛ","37116","94","4.06",""
"07079","АФИА БОТЕВА","СТРЕПСИЛС ИНТЕНЗИВ МЕД И ЛИМОН спрей 8.75 mg/dose 15мл","37130","98","8.06",""
"07079","АФИА БОТЕВА","ЧАЙ ЛАЙКА,МЕД И ВАНИЛИЯ  филтър х20 БЧК","37136","72","1.20",""
"07079","АФИА БОТЕВА","ЕНТЕРОЛ caps.250mg x 30","37242","89","15.24",""
"07079","АФИА БОТЕВА","МУКОСОФТ САШЕТА 600МГ Х 10 АДИФАРМ","37406","99","6.12",""
"07079","АФИА БОТЕВА","АНГЕТОП ТАБЛ. 500МГ Х 20","37425","96","1.13",""
"07079","АФИА БОТЕВА","Омалгин, Omalgin перорални капки 500 мг/мл 20 мл","37663","96","3.37",""
"07079","АФИА БОТЕВА","ЕЛГИДИУМ ПЗ. perioblock pro 50ml","37664","81","7.68",""
"07079","АФИА БОТЕВА","ФЛУРБИМЕД МИНТ ТАБЛ. ЗА СМУЧЕНЕ 8,75МГ Х 20","37763","98","5.01",""
"07079","АФИА БОТЕВА","ПАРОДОНТАКС четка за зъби COMPLETE PROTECTION SOFT","37832","80","6.58","4.94"
"07079","АФИА БОТЕВА","ПЗ ПОМОРИН КЛАСИК","37897","81","1.29",""
"07079","АФИА БОТЕВА","ПЗ ПОМОРИН АНТИПАРОДОНТИТ","37898","81","1.29",""
"07079","АФИА БОТЕВА","ЕНТЕРОЛ прахчета 250мг*6","37915","89","4.54",""
"07079","АФИА БОТЕВА","АЦЦ МЕД И ЛИМОН 600МГ САШЕТА Х 10","37930","99","8.69",""
"07079","АФИА БОТЕВА","АКАРД тбл.75мг.х120","37940","96","8.06",""
"07079","АФИА БОТЕВА","ПЗ.БИЛКА дент пародонт избелваща  75ml","37943","81","2.36",""
"07079","АФИА БОТЕВА","НОВАЛАК 1 адапт.мляко кърмач.400гр/0-6м/","38153","65","10.21",""
"07079","АФИА БОТЕВА","НОВАЛАК 2 адапт.мляк кърмач.400гр/6-12м/","38154","65","10.12",""
"07079","АФИА БОТЕВА","НОВАЛАК 3 адапт.мляко преход.400гр/1-3г/","38155","65","9.85",""
"07079","АФИА БОТЕВА","НОВАЛАК AC адапт.мляко колики400г/0-12м/","38156","65","13.12",""
"07079","АФИА БОТЕВА","НОВАЛАК AR адапт.мл повръщане400г/0-12м/","38157","65","11.71",""
"07079","АФИА БОТЕВА","НОВАЛАК IT адапт.мл при запек400г/0-12м/","38158","65","12.04",""
"07079","АФИА БОТЕВА","МИЛОРОФЕН тбл.200мг.х10","38294","94","1.98",""
"07079","АФИА БОТЕВА","ДИКЛОФЛЕКС гел 5% 50г.","38325","95","4.89",""
"07079","АФИА БОТЕВА","АПИВИТА Шампоан за честа употреба 500мл","38464","82","15.61",""
"07079","АФИА БОТЕВА","ЧАЙ Вечерен /лайка , копър , валериана/ 17 пак Yogi Tea","38478","72","4.06",""
"07079","АФИА БОТЕВА","ПАРОДОНТАКС паста за зъби DUO  PACK CLASSIC 2x75ml","38619","81","6.19",""
"07079","АФИА БОТЕВА","НУРОФЕН ЕКСПРЕС ФОРТЕ 400mg меки капсули *20","38658","94","9.69",""
"07079","АФИА БОТЕВА","МУСТЕЛА сапун с колд крем 100г","38694","83","4.05",""
"07079","АФИА БОТЕВА","ЛАКАЛУТ ПЗ. АКТИВ & СЕНЗИТИВ ПАСТА 75 МЛ","38744","81","4.89",""
"07079","АФИА БОТЕВА","NATURE ROSES сапун 75 гр","38969","83","0.77",""
"07079","АФИА БОТЕВА","NATURE ROSES сапун 75 гр бял","38970","83","0.77",""
"07079","АФИА БОТЕВА","АЛЕРГОЗАН 1% КРЕМ 1Г/100ГР 60Г","39040","91","7.65",""
"07079","АФИА БОТЕВА","ПАНАКТИВ BABY супоз.60мг.х5","39186","94","2.45",""
"07079","АФИА БОТЕВА","ПАНАКТИВ BABY супоз.125мг.х5","39187","94","2.77",""
"07079","АФИА БОТЕВА","ПСИЛО-БАЛСАМ ГЕЛ 50ГР","39352","91","8.12",""
"07079","АФИА БОТЕВА","АКВАФРЕШ паста за зъби fresh&minty 50ml","39361","81","1.89","1.51"
"07079","АФИА БОТЕВА","АКВАФРЕШ паста за зъби M&M  125мл","39363","81","2.30",""
"07079","АФИА БОТЕВА","АКВАФРЕШ паста за зъби ACTIVE FRESH 125ml","39364","81","2.69",""
"07079","АФИА БОТЕВА","КУРАПРОКС ПЗ Enzycal Zero 75мл","39624","81","6.43",""
"07079","АФИА БОТЕВА","КУРАПРОКС ПЗ Enzycal 950 75мл","39625","81","6.43",""
"07079","АФИА БОТЕВА","КУРАПРОКС ПЗ Enzycal 1450 75мл","39626","81","7.15",""
"07079","АФИА БОТЕВА","КУРАПРОКС ПЗ [BE YOU] Daydreamer 60 МЛ","39627","81","12.26",""
"07079","АФИА БОТЕВА","КУРАПРОКС ПЗ [BE YOU] Pure happiness  60 МЛ","39628","81","12.26",""
"07079","АФИА БОТЕВА","КУРАПРОКС ПЗ [BE YOU] Explore 60 МЛ","39629","81","12.26",""
"07079","АФИА БОТЕВА","КУРАПРОКС ПЗ [BE YOU] Candy lover 60 МЛ","39630","81","12.26",""
"07079","АФИА БОТЕВА","ЮРИАЖ 1ER BEBE почистващ крем-сапун 100гр.","39661","83","6.69",""
"07079","АФИА БОТЕВА","ВЛ.КЪРПИ EVENT антибакт. алое x15","39743","84","0.40",""
"07079","АФИА БОТЕВА","ВЛ.КЪРПИ EVENT антибакт. невен x15","39744","84","0.40",""
"07079","АФИА БОТЕВА","ВЛ.КЪРПИ EVENT антибакт. лавандула x15","39745","84","0.40",""
"07079","АФИА БОТЕВА","ВЛ.КЪРПИ EVENT антибакт. мандарина x15","39746","84","0.40",""
"07079","АФИА БОТЕВА","ВЛ.КЪРПИ EVENT антибакт. 20% алкохол x15","39747","84","0.49",""
"07079","АФИА БОТЕВА","КУРАПРОКС ПЗ [BE YOU] Challenger  60 МЛ","39837","81","12.26",""
"07079","АФИА БОТЕВА","ВЛ.КЪРПИ PUFIES WW SENSITIVE с капак 64 бр","40048","84","1.94",""
"07079","АФИА БОТЕВА","КЕТАЛГО 50МГ ГРАНУЛИ ЗА ПЕРОРАЛЕН Р-Р В САШЕ Х 6","40084","94","4.35",""
"07079","АФИА БОТЕВА","ОВКО пюре картофи с тиква 4м 190гр","40114","64","1.02",""
"07079","АФИА БОТЕВА","ОВКО меню спагети болонезе 8м+ 220 гр","40115","64","1.48",""
"07079","АФИА БОТЕВА","СЛЪНЧО КАША 6мес. БИСКВИТЕНА млечна с бифидус  200г.","40116","63","2.50",""
"07079","АФИА БОТЕВА","СЛЪНЧО КАША 6мес. млечна ЕЛДА с плодове 200г.","40117","63","2.61",""
"07079","АФИА БОТЕВА","ХИП 1 COMBIOTIK адапт.мляко 350г.","40138","65","11.35",""
"07079","АФИА БОТЕВА","ВЛ.КЪРПИ EVENT антибакт. алое x72","40242","84","1.53",""
"07079","АФИА БОТЕВА","ВЛ.КЪРПИ EVENT антибакт. мандарина x72","40243","84","1.53",""
"07079","АФИА БОТЕВА","ВЛ.КЪРПИ EVENT антибакт. 20% алкохол x60","40244","84","1.64",""
"07079","АФИА БОТЕВА","КУРАПРОКС ПЗ [BE YOU] Rising Star 60 МЛ","40279","81","12.26",""
"07079","АФИА БОТЕВА","АГИВА вл. интимни кърпи","40508","84","0.79",""
"07079","АФИА БОТЕВА","НИЗОРАЛ ШАМПОАН 2% 100МЛ","40549","90","13.69",""
"07079","АФИА БОТЕВА","ВЛ. КЪРПИ PAMPERS sensitive х 52","40636","84","1.53",""
"07079","АФИА БОТЕВА","ФЕЛОРАН ФОРТЕ ГЕЛ 5% 120 ГР СФ","40745","95","8.43","7.17"
"07079","АФИА БОТЕВА","СЕНСОДИН паста за зъби Natural White с активен въглен","40897","81","5.50","3.85"
"07079","АФИА БОТЕВА","БОЧКО ВЛАЖНИ КЪРПИ ПАМУК И ЛАЙКА КАПАК Х 84","40932","84","1.67",""
"07079","АФИА БОТЕВА","ХИП АНТИРЕФЛУКС адапт .мляко 600 гр","41012","65","17.61",""
"07079","АФИА БОТЕВА","ЕЛГИДИУМ ПЗ.ИЗБЕЛВАЩА 50ml","41029","81","5.47",""
"07079","АФИА БОТЕВА","ЛОПЕРАМИД ЕКОФАРМ тбл.2мг.х10","41152","89","2.70",""
"07079","АФИА БОТЕВА","ФЕЛОРАН гел 1% - 120g  Софарма","41160","95","7.58","6.44"
"07079","АФИА БОТЕВА","АКВАФРЕШ паста за зъби naturals mint clean","41284","81","2.30",""
"07079","АФИА БОТЕВА","ЧАЙ ФИТОЛЕК ДЕТОКС Х20","41531","72","2.00",""
"07079","АФИА БОТЕВА","КУРАПРОКС чз CS1560 soft ПРОМО","41636","80","5.50",""
"07079","АФИА БОТЕВА","КСИЗАЛ 0,5МГ/МЛ СИРОП 200МЛ Х 11","41828","100","5.52",""
"07079","АФИА БОТЕВА","ЕЛГИДИУМ ПЗ.ИЗБЕЛВАЩА 100ml  BIO","41852","81","9.20",""
"07079","АФИА БОТЕВА","ЕЛГИДИУМ ПЗ.СЕНЗИТИВ 100ml BIO","41853","81","8.68",""
"07079","АФИА БОТЕВА","АНГАЛ МЕД ТАБЛ. ЗА СМУЧЕНЕ 5МГ/1МГ Х 24","41925","98","7.45",""
"07079","АФИА БОТЕВА","АНГАЛ ЯГОДА ЗА ДЕЦА ТАБЛ. ЗА СМУЧЕНЕ 5МГ/1МГ Х 24","41926","98","7.45",""
"07079","АФИА БОТЕВА","АПТАМИЛ 4 400г ПРОНУТРА","41999","65","10.01",""
"07079","АФИА БОТЕВА","НУРОФЕН ФОРТЕ ТАБЛ.400МГ Х 24","42236","94","8.17",""
"07079","АФИА БОТЕВА","СЛЪНЧО КАША 4мес. ОРИЗОВА безмлечна 180 г","42328","63","2.37",""
"07079","АФИА БОТЕВА","БОЧКО ВЛАЖНИ КЪРПИ ПАМУК И ЛАВАНДУЛА КАПАК Х 84","42347","84","1.67",""
"07079","АФИА БОТЕВА","АПТАМИЛ 1 800г ПРОНУТРА","42367","65","21.16",""
"07079","АФИА БОТЕВА","ЛАКС сол.7.5мг/мл.20мл.","42429","88","4.17",""
"07079","АФИА БОТЕВА","ДРОПЛЕКС 4Г/100Г+1Г/100Г КАПКИ ЗА УШИ Р-Р 15МЛ Х 1","42480","101","4.09",""
"07079","АФИА БОТЕВА","СЛЪНЧО КАША 6мес. ОРИЗОВО МЛЕЧНА С МАНГО,ЯБЪЛКА И БАНАН 200г","42486","63","2.47",""
"07079","АФИА БОТЕВА","ЛАКАЛУТ ПЗ СЕНЗИТИВ ПАСТА 75 МЛ","42491","81","3.87","2.90"
"07079","АФИА БОТЕВА","АПТАМИЛ 2 800г ПРОНУТРА","42492","65","21.16",""
"07079","АФИА БОТЕВА","Сапун КРИСПА БЕБЕ 100 гр","42533","83","0.72",""
"07079","АФИА БОТЕВА","АПТАМИЛ 3 400г ПРОНУТРА","42534","65","10.01",""
"07079","АФИА БОТЕВА","АВЕН XERACALM A.D.СВРЪХОБОГАТЕН САПУН 100г AV","42576","83","9.03","6.59"
"07079","АФИА БОТЕВА","АПТАМИЛ 2 400г ПРОНУТРА","42697","65","10.68",""
"07079","АФИА БОТЕВА","БЕБО ВЛ. КЪРПИЧКИ АЛОЕ ВЕРА 72бр с капак","42708","84","1.57",""
"07079","АФИА БОТЕВА","БЕБО ВЛ. КЪРПИЧКИ ЛАЙКА  72бр с капак","42709","84","1.57",""
"07079","АФИА БОТЕВА","БЕБО ВЛ. КЪРПИЧКИ ЛАВАНДУЛА  90бр с капак","42710","84","1.83",""
"07079","АФИА БОТЕВА","БЕБО ВЛ.КЪРПИЧКИ SENSITIVE 80бр. С НОВ РИДЖИТ","42711","84","1.72",""
"07079","АФИА БОТЕВА","БОЧКО МОКРИ КЪРПИ ПАМУК И СМРАДЛИКА Х 84 КАПАК","42745","84","1.67",""
"07079","АФИА БОТЕВА","АПТАМИЛ 1 400г ПРОНУТРА","42844","65","10.68",""
"07079","АФИА БОТЕВА","Сапун КРИСПА ДОКТОРСКИ 100гр.","42927","83","1.11",""
"07079","АФИА БОТЕВА","ВЛ.КЪРПИ PUFIES WW CLEAN&FRESH  с капак 64 бр","43023","84","1.94",""
"07079","АФИА БОТЕВА","САПУН МИНИ СЪС ЗЕОЛИТ БИОХЕРБА","43057","83","1.40",""
"07079","АФИА БОТЕВА","БЕБО ВЛ.КЪРПИЧКИ МИЦЕЛАРНА ВОДА 64бр. С КАПАК","43128","84","2.08",""
"07079","АФИА БОТЕВА","КСАЛЕРГАН 5МГ/МЛ ПЕРОР. КАПКИ 20МЛ Х 1","43431","100","5.17",""
"07079","АФИА БОТЕВА","ЕЛГИДИУМ ПЗ.ТАЙМЕР ПАСТА ЗА ЗЪБИ 50МЛ.","43434","81","5.88",""
"07079","АФИА БОТЕВА","ОМАЛГИН тбл.500мг.х20","43468","96","1.05",""
"07079","АФИА БОТЕВА","EVENT бебешки кърпи АЛОЕ 20бр","43620","84","0.64",""
"07079","АФИА БОТЕВА","EVENT бебе кърпи АЛОЕ 72","43624","84","1.10",""
"07079","АФИА БОТЕВА","ЛАРА САПУН 375 МЛ. МАЛИНА","43778","83","1.38",""
"07079","АФИА БОТЕВА","ЛАРА САПУН 375 МЛ. ЛАЙМ","43780","83","1.38",""
"07079","АФИА БОТЕВА","САПУН ПРОЛЕТ","43850","83","1.78",""
"07079","АФИА БОТЕВА","ЛАКАЛУТ ПЗ. АКТИВ  ПЛЮС 75мл","43910","81","4.89",""
"07079","АФИА БОТЕВА","ЕЛГИДИУМ ПЗ.ЧУВСТВИТЕЛНИ ВЕНЦИ 100МЛ.BIO","43921","81","8.90",""
"07079","АФИА БОТЕВА","КЕТАЛГО 50МГ ГРАНУЛИ ЗА ПЕРОРАЛЕН Р-Р В САШЕ Х 12","43979","94","6.83",""
"07079","АФИА БОТЕВА","БЕБО ВЛ.КЪРПИЧКИ С 99% ВОДА х 15БР.","44040","84","0.61",""
"07079","АФИА БОТЕВА","БЕБО ULTRA SOFT 80бр. ПЛЪТНИ ВЛ. КЪРПИЧКИ х12","44053","84","1.72",""
"07079","АФИА БОТЕВА","СЛЪНЧО КАША 4мес. БАНАНОВО ЯБЪЛКОВА млечна 200г.","44061","63","2.37",""
"07079","АФИА БОТЕВА","МОКРИ ПОЧИСТВАЩИ КЪРПИ FAMILY СЕПТОНА 100бр с капак","44073","84","1.82",""
"07079","АФИА БОТЕВА","ВЛ. КЪРПИ LARA  ЗА ВЪЗРАСТНИ 50 БР.","44255","84","1.68",""
"07079","АФИА БОТЕВА","ИБУПРОМ СПРИНТ МАКС капс.400мг.х20","44304","94","8.48",""
"07079","АФИА БОТЕВА","ВЛ.КЪРПИ СЕПТОНА  БЕБЕ ЛАЙКА 80бр с капак","44306","84","1.82",""
"07079","АФИА БОТЕВА","ВЛ.КЪРПИ EVENT WC КОКОС 60","44409","84","1.38",""
"07079","АФИА БОТЕВА","ВЛ.КЪРПИ EVENT WC ЛАЙКА 60","44410","84","1.38",""
"07079","АФИА БОТЕВА","ВЛ.КЪРПИ EVENT WC ЛАЙКА КИДС 60","44411","84","1.38",""
"07079","АФИА БОТЕВА","ВЛ.КЪРПИ EVENT WC ПАМУК И АЛОЕ 42","44412","84","1.38",""
"07079","АФИА БОТЕВА","ЧЕРВЕНА БОРОВИНКА филтър х20 FLOSANA","44484","72","1.17",""
"07079","АФИА БОТЕВА","ЧАЙ ЗА СЪРЦЕ филтър х20 Биопрограма","44545","72","1.00",""
"07079","АФИА БОТЕВА","СЕНСОДИН паста за зъби COMPLETE PROTECTION + 75МЛ","44620","81","7.76",""
"07079","АФИА БОТЕВА","АПТАМИЛ 1 800г ЦЕЗАРБИО","44651","65","24.49",""
"07079","АФИА БОТЕВА","АПТАМИЛ 2 800г ЦЕЗАРБИО","44652","65","23.72",""
"07079","АФИА БОТЕВА","КСАЛЕРГАН 5МГ ФИЛМ.ТАБЛ. Х 20","44775","100","8.01",""
"07079","АФИА БОТЕВА","САПУН КРИСПА МЕД+ГЛИЦЕРИН 75Г","44914","83","0.65",""
"07079","АФИА БОТЕВА","ЛАКАЛУТ ПЗ. МУЛТИ ЕФЕКТ ПЛЮС 75МЛ","44939","81","3.87","2.90"
"07079","АФИА БОТЕВА","ВЛ.КЪРПИ EVENT антиб.kids х 15 (сини)","45023","84","0.46",""
"07079","АФИА БОТЕВА","ВЛ.КЪРПИ EVENT антиб.kids х 15(розови)","45024","84","0.46",""
"07079","АФИА БОТЕВА","ДИКЛАК МАКС 5% ГЕЛ 150Г","45076","95","14.82",""
"07079","АФИА БОТЕВА","ЧАЙ БРОНХО ПАМ БУТИКОВА СЕРИЯ филтър х20","45122","72","4.10",""
"07079","АФИА БОТЕВА","СЕНСОДИН паста за зъби sensivity and gum  WHITE 75ml","45138","81","7.76",""
"07079","АФИА БОТЕВА","БОЧКО ВЛАЖНИ КЪРПИ ПАМУК И НЕВЕН КАПАК Х 84","45159","84","1.75",""
"07079","АФИА БОТЕВА","ВЛ.КЪРПИ СЕПТОНА  БЕБЕ АЛОЕ 60бр","45177","84","1.37",""
"07079","АФИА БОТЕВА","ЛАКАЛУТ ПЗ ПЪРФЕКТ УАЙТ 75МЛ","45353","81","3.87","2.90"
"07079","АФИА БОТЕВА","НОВАЛАК RICE AR мляко 400г.","45477","65","15.75",""
"07079","АФИА БОТЕВА","САПУН ЖЕН-ШЕН 60г.","45586","83","0.69",""
"07079","АФИА БОТЕВА","ИБУЛЕК 200МГ САШЕТА Х 10","45604","94","4.39",""
"07079","АФИА БОТЕВА","ВЛ. КЪРПИ LARA x 80 бр. лайка","45709","84","1.17",""
"07079","АФИА БОТЕВА","АКВАФРЕШ паста за зъби All in One Crystal  Whit 100ml","45747","81","2.85",""
"07079","АФИА БОТЕВА","ВЛ. КЪРПИ PAMPERS fresh clean  х 52","45874","84","1.53",""
"07079","АФИА БОТЕВА","АРОМА САПУН ТЕЧЕН WHITE BLOSSOM за чувст.кожа 400мл.+100мл.П","45917","83","1.69",""
"07079","АФИА БОТЕВА","ЧЗ ТРИЗА FOCUS SOFT","45930","80","0.90",""
"07079","АФИА БОТЕВА","ЧЗ ТРИЗА SMILE SOFT /SWISS CLEAN/","45931","80","0.86",""
"07079","АФИА БОТЕВА","ЧАЙ ФИЛТЪР AHMAD СПЕЦ.СЕЛ. БЕЗКОФЕИН x 20","45977","72","3.31",""
"07079","АФИА БОТЕВА","ИБУТОП КРЕМ 100 гр","46049","94","9.14",""
"07079","АФИА БОТЕВА","РЕСПИФОРТИН 600 MG ACETYLCYSTEINE, ЕФ. ТАБЛ. Х 10","46051","99","7.65",""
"07079","АФИА БОТЕВА","СЕНСОДИН паста за зъби антикариес 75ml","46150","81","5.50","3.85"
"07079","АФИА БОТЕВА","ВЛ.КЪРПИ EVENT антибакт. невен x30","46202","84","0.70",""
"07079","АФИА БОТЕВА","ПАРАБОЛ МАКС 400МГ КАПС. Х 10","46205","94","4.48",""
"07079","АФИА БОТЕВА","EVENT бебешки кърпи ВОДА  20бр","46233","84","0.64",""
"07079","АФИА БОТЕВА","EVENT бебешки кърпи ВОДА 60бр","46234","84","1.66",""
"07079","АФИА БОТЕВА","EVENT бебешки кърпи SOFT 3в1  20бр","46235","84","0.61",""
"07079","АФИА БОТЕВА","EVENT бебешки кърпи SOFT 3в1  84бр","46236","84","1.66",""
"07079","АФИА БОТЕВА","НОВАЛАК ALLERNOVA AR 400Г","46248","65","16.18",""
"07079","АФИА БОТЕВА","ТРАКТУС 600МГ ПРАХ ЗА ПЕРОРАЛЕН Р-Р В САШЕ Х 10","46321","99","6.47",""
"07079","АФИА БОТЕВА","СЕНСОДИН паста за зъби PRONAMEL JUNIOR 50ML.","46356","81","4.54",""
"07079","АФИА БОТЕВА","АНАЛГИН ТАБЛ.500МГ Х 30","46420","96","2.29",""
"07079","АФИА БОТЕВА","ИБУПРОМ ФОРТЕ 400МГ ФИЛМ.ТАБЛ. Х 12","46531","94","3.53",""
"07079","АФИА БОТЕВА","БЕБО ВЛ. КЪРПИЧКИ ЛАЙКА  15бр","46594","84","0.46",""
"07079","АФИА БОТЕВА","ТЕО БЕБЕ МОКРИ КЪРПИЧКИ ЛАВАНДУЛА 72 бр","46841","84","1.56",""
"07079","АФИА БОТЕВА","ВЛ.КЪРПИ PALOMITA БЕБЕ 72+28 С КАПАК","46845","84","1.52",""
"07079","АФИА БОТЕВА","ВЛ. КЪРПИ BABY BEBELAN 99.6% вода х 64","46924","84","1.89",""
"07079","АФИА БОТЕВА","ДИКЛАК 12 ЧАСА 23,2 мг/г гел 50гр","46946","95","8.58",""
"07079","АФИА БОТЕВА","ДИКЛАК 12 ЧАСА 2.32% мг/г 100гр","47003","95","11.74",""
"07079","АФИА БОТЕВА","ЧАЙ ЧЕРЕН ФИЛТЪР Х20 БИОПРОГРАМА","37135","72","0.80",""
"07079","АФИА БОТЕВА","ВЛ.КЪРПИ EVENT антибакт. невен x140","47097","84","2.05",""
"07079","АФИА БОТЕВА","БУСКОЛИЗИН обв. тб. 10мг х 30","47308","87","3.99","3.39"
"07079","АФИА БОТЕВА","ЕЛГИДИУМ ПЗ.DECAY PROTECTION  АНТИКАРИЕС 75ml","47347","81","7.21",""
"07079","АФИА БОТЕВА","ОЛИНТ DUO наз.спрей 1мг/мл.+50мг/мл.10мл.","47405","97","6.12",""
"07079","АФИА БОТЕВА","ВЛ.КЪРПИ EVENT антибакт. лайка x72","47433","84","1.10",""
"07079","АФИА БОТЕВА","АГИВА Гъба за баня сапун на перли Лайм FRUIT SALAD","47434","83","2.50",""
"07079","АФИА БОТЕВА","ОРОФАР ИНТЕНС 8,75МГ/ДОЗА СПРЕЙ 15МЛ","47436","98","7.65",""
"07079","АФИА БОТЕВА","ВЛ.КЪРПИ EVENT бебешки лайка x72","47437","84","1.10",""
"07079","АФИА БОТЕВА","ПЗ.БИЛКА МЕД 75 МЛ.","47443","81","2.36",""
"07079","АФИА БОТЕВА","САПУН EvBABY VIT.F 90г","47483","83","0.61",""
"07079","АФИА БОТЕВА","ДУЛКОЛАКС 10МГ СУПОЗИТОРИИ Х6","47553","88","5.86",""
"07079","АФИА БОТЕВА","БЕБО ВЛ.КЪРПИЧКИ НОВОРОДЕНО  64бр. С КАПАК","47635","84","1.82",""
"07079","АФИА БОТЕВА","СЕНСОДИН паста за зъби CLINICAL REPAIR 75ML","47644","81","7.76",""
"07079","АФИА БОТЕВА","ДЕВА DNB ШАМПОАН ХИНИН + АРГАН 500МЛ.","47849","82","2.19",""
"07079","АФИА БОТЕВА","АРОМА ШАМПОАН НАТУРАЛ АЛОЕ МЛЯКО 400мл.","47852","82","2.03",""
"07079","АФИА БОТЕВА","СЕНСОДИН паста за зъби PRONAMEL KIDS 2-6 50ML.","47904","81","4.54",""
"07079","АФИА БОТЕВА","ЧАЙ СЕНА АФИА  филтър","48050","72","1.99",""
"07079","АФИА БОТЕВА","ЧАЙ ЛАЙКА АФИА  филтър","48051","72","1.99",""
"07079","АФИА БОТЕВА","ЧАЙ ДЕТОКС И ИМУНИТЕТ АФИА  филтър","48052","72","1.99",""
"07079","АФИА БОТЕВА","ЧАЙ СЛАБИТЕЛЕН АФИА  филтър","48053","72","1.99",""
"07079","АФИА БОТЕВА","ВОЛТАРЕН 140МГ ЛЕЧЕБЕН ПЛАСТИР Х 5","48138","95","17.36","13.89"
"07079","АФИА БОТЕВА","ВЛ. КЪРПИ LARA АКВА 99,5% БИОРАЗГР. x 72 БР.","48158","84","1.69",""
"07079","АФИА БОТЕВА","ХИП 4 КОМБ.МЛ.МАЛКИ ДЕЦА 500 ГР.","48182","65","12.08",""
"07079","АФИА БОТЕВА","АВЕН CLEANANCE ПОЧИСТВАЩ САПУН 100ГР. AV","48307","83","7.63","5.57"
"07079","АФИА БОТЕВА","СТРЕПСИЛС ИНТЕНЗИВ МЕД И ЕВКАЛИПТ ТАБЛ. Х 16","48369","98","5.73",""
"07079","АФИА БОТЕВА","КЕТАЛГО 25мг 10 табл.","48378","94","5.14",""
"07079","АФИА БОТЕВА","АКВАФРЕШ паста за зъби PLUS VISIBLE WHITE 75МЛ.","48413","81","2.81","2.11"
"07079","АФИА БОТЕВА","АКВАФРЕШ паста за зъби PLUS FRESH FEEL 75МЛ.","48414","81","2.81","2.11"
"07079","АФИА БОТЕВА","СЕНСОДИН паста за зъбиЗ REPAIR & PROTECT WHITENING 75ML","48480","81","7.76",""
"07079","АФИА БОТЕВА","СЕНСОДИН паста за зъби CLINICAL REPAIR WHITE 75ML","48481","81","7.76",""
"07079","АФИА БОТЕВА","СЕНСОДИН паста за зъби COMPLETE PROTECTION WHITE 75ML","48482","81","7.76",""
"07079","АФИА БОТЕВА","ВЛ. КЪРПИ BABY BEBELAN ЛАЙКА+АЛОЕ с капак х 64","48486","84","1.53",""
"07079","АФИА БОТЕВА","ВЛ. КЪРПИ BABY BEBELAN СМРАДЛИКА+ЛАЙКА с капак х 64","48487","84","1.53",""
"07079","АФИА БОТЕВА","АКВАФРЕШ паста за зъби mild &minti 125 ml.","48514","81","2.69",""
"07079","АФИА БОТЕВА","БИЛКА НЕВЕН ШАМПОАН ЗА КОСА 400МЛ.","48554","82","3.33",""
"07079","АФИА БОТЕВА","МУСТЕЛА МОКРИ КЪРПИЧКИ С ВОДА БЕЗ ПАРФЮМ Х 60","48570","84","5.92",""
"07079","АФИА БОТЕВА","ЕЛГИДИУМ ЧЗ 4в1 S","48692","80","10.46",""
"07079","АФИА БОТЕВА","ЛАКСАКОДИЛ 5МГ СУ ТАБЛ. Х 30","48727","88","2.21",""
"07079","АФИА БОТЕВА","НОВАЛАК 1 адапт.мляк кърмач. 800г./0-6мес./","48740","65","19.44",""
"07079","АФИА БОТЕВА","ОКЛИС ЕКСПРЕС 400 мг x 10 сашети","48782","94","5.71",""
"07079","АФИА БОТЕВА","ЕНТЕРОЛ ФОРТЕ саше 500мг х 10","49046","89","9.82",""
"07079","АФИА БОТЕВА","ОКЛИС ЕКСПРЕС 400 мг x 20 сашети","49081","94","9.53",""
"07079","АФИА БОТЕВА","НУРОФЕН ЕКСПРЕС ФОРТЕ КОМПАКТ 400МГ КАПС. Х 10","49172","94","6.12",""
"07079","АФИА БОТЕВА","НУРОФЕН ЕКСПРЕС ФОРТЕ КОМПАКТ 400МГ КАПС. Х 20","49173","94","10.67",""
"07079","АФИА БОТЕВА","АКВАФРЕШ паста за зъби DEEP CLEAN WHITE RENEW 75ML","49246","81","3.52","2.64"
"07079","АФИА БОТЕВА","GERBER КАША МАНГО БАНАН 240ГР.","49265","63","3.79",""
"07079","АФИА БОТЕВА","GERBER КАША ЙОГ.БАН.КРУША 240ГР","49266","63","3.79",""
"07079","АФИА БОТЕВА","GERBER 2929 ПЮРЕ СУПА КАРФИОЛ И ЗАЕК 190","49272","64","1.74",""
"07079","АФИА БОТЕВА","GERBER 7214 ПЮРЕ ЗЕЛЕНЧ. С ТЕЛЕШКО И МАКАРОНИ 190ГР","49273","64","1.74",""
"07079","АФИА БОТЕВА","GERBER 7889 ПЮРЕ РИЗОТО ПУЙКА ЗЕЛ. 250ГР","49274","64","2.20",""
"07079","АФИА БОТЕВА","АДАПТ. МЛЯКО NAN 1 OPTIPRO 400ГР","49280","65","12.59",""
"07079","АФИА БОТЕВА","АДАПТ. МЛЯКО NAN 2 OPTIPRO 400ГР","49281","65","12.57",""
"07079","АФИА БОТЕВА","АДАПТ. МЛЯКО NAN 3 OPTIPRO 400ГР","49282","65","10.38",""
"07079","АФИА БОТЕВА","АДАПТ. МЛЯКО NAN COMFORT 400ГР","49283","65","15.08",""
"07079","АФИА БОТЕВА","ПАРАБОЛ МАКС 400МГ КАПС. Х 20","49296","94","8.63",""
"07079","АФИА БОТЕВА","НОВАЛАК 2 адапт.мляк кърмач. 800г./6-12мес./","49320","65","18.78",""
"07079","АФИА БОТЕВА","ОТОФИКС 40МГ/Г + 10МГ/Г КАПКИ ЗА УШИ 15МЛ Х 1","49354","101","3.88",""
"07079","АФИА БОТЕВА","СЕНСОДИН паста за зъби CAVITY  75ml","49375","81","5.10",""
"07079","АФИА БОТЕВА","ХИП 1 ORGANIC АДАПТ. МЛЯКО 600ГР.","49423","65","13.63",""
"07079","АФИА БОТЕВА","ХИП 2 ORGANIC АДАПТ. МЛЯКО 600ГР.","49424","65","13.63",""
"07079","АФИА БОТЕВА","СЕНСОДИН паста за зъби CAVITY + SENSITIVITY 75ml","49449","81","5.10",""
"07079","АФИА БОТЕВА","ЕФИЗОЛ ИНТЕНЗ 8,75МГ ТАБЛ. ЗА СМУЧЕНЕ Х 24","49588","98","6.39","5.56"
"07079","АФИА БОТЕВА","НОВАЛАК AR ДАЙДЖЕСТ+ АДАПТИР.МЛЯКО 400гр","49605","65","14.85",""
"07079","АФИА БОТЕВА","ЧАЙ С ЛАЙКА И АНАСОН БИО 20 ФИЛ.ПАК./MANZANILLA","49697","72","3.13",""
"07079","АФИА БОТЕВА","КУРАПРОКС ПЗ Enzycal 950;  10 ml","49711","81","2.39",""
"07079","АФИА БОТЕВА","МОБИЛАТ ЕМУЛГЕЛ 2,32% ГЕЛ 180Г Х 1","49715","95","19.10",""
"07079","АФИА БОТЕВА","АРОМА ШАМПОАН НАТУРАЛ ЯЙЧЕН 400мл.","49799","82","1.86",""
"07079","АФИА ЗОРНИЦА","ГЕЛОМИРТОЛ ФОРТЕ КАПС.300МГ Х 20","1336","99","8.64",""
"07079","АФИА ЗОРНИЦА","АЦЦ 200 ПРАХЧЕТА 200МГ Х 20","1338","99","6.97",""
"07079","АФИА ЗОРНИЦА","АЦЕТИЗАЛ  ТАБЛ. 500МГ Х 20 АК","1747","96","1.40",""
"07079","АФИА ЗОРНИЦА","АЛКА-ЗЕЛЦЕР ЕФ.ТАБЛ. 324МГ Х 10","1750","96","3.02",""
"07079","АФИА ЗОРНИЦА","БЕНАЛГИН ТАБЛ. Х 20","1767","96","2.86",""
"07079","АФИА ЗОРНИЦА","АЛЕРГОЗАН ДРАЖ. 25МГ Х 20","1896","91","3.71",""
"07079","АФИА ЗОРНИЦА","АЛМАГЕЛ СУСП. 170МЛ","2036","86","2.55",""
"07079","АФИА ЗОРНИЦА","БИЗАКОДИЛ СУПОЗ. 10МГ Х 6","2041","88","3.15",""
"07079","АФИА ЗОРНИЦА","БИЗАЛАКС ТАБЛ. 5 МГ Х 30","2043","88","2.44",""
"07079","АФИА ЗОРНИЦА","ФЕНОЛАКС ДРАЖ. 5МГ Х 30","2069","88","1.72",""
"07079","АФИА ЗОРНИЦА","ИМОДИУМ КАПС. 2МГ Х 6","2078","89","3.51",""
"07079","АФИА ЗОРНИЦА","СПАЗМАЛГОН ТАБЛ. Х 20","2096","87","3.82","3.63"
"07079","АФИА ЗОРНИЦА","ТАЛЦИД ТАБЛ. 500МГ Х 20","2099","86","4.19",""
"07079","АФИА ЗОРНИЦА","ОТИПАКС СОЛ. 15МЛ","2273","101","3.98",""
"07079","АФИА ЗОРНИЦА","ИБУТОП ГЕЛ 50ГР","2322","94","5.56",""
"07079","АФИА ЗОРНИЦА","РЕПАРИЛ ГЕЛ N 40Г","2341","95","6.12",""
"07079","АФИА ЗОРНИЦА","ВОЛТАРЕН ЕМУЛГЕЛ 1,16% 50ГР","2348","95","6.32","4.99"
"07079","АФИА ЗОРНИЦА","АЛЕРГОЗАН КРЕМ 18Г","2359","91","4.03",""
"07079","АФИА ЗОРНИЦА","АЛЕРГОЗАН УНГВ. 18Г","2360","91","4.02",""
"07079","АФИА ЗОРНИЦА","ЕКЗОДЕРИЛ 1%  КРЕМ 15ГР","2409","90","6.08",""
"07079","АФИА ЗОРНИЦА","ЕКЗОДЕРИЛ 1%  СОЛ. 10МЛ","2410","90","7.51",""
"07079","АФИА ЗОРНИЦА","ЙОДАСЕПТ УНГВ. 90Г","2430","92","4.60",""
"07079","АФИА ЗОРНИЦА","ЧАЙ САНИЕ СВЕТЛОЗЕЛЕН ФИЛТЪР Х 30TNT21","3089","72","3.54",""
"07079","АФИА ЗОРНИЦА","ЧАЙ УСПОКОИТЕЛЕН ФИЛТЪР 1,5ГР Х 20 ЕВЕЛИН","3090","72","2.25",""
"07079","АФИА ЗОРНИЦА","ЧАЙ БЕБЕЗАН ФИЛТЪР 1,5ГР Х 20 ЕВЕЛИН","3098","72","2.27",""
"07079","АФИА ЗОРНИЦА","ЧАЙ БРОНХОЛИН ФИЛТЪР Х 20 ЕВЕЛИН","3100","72","2.20",""
"07079","АФИА ЗОРНИЦА","АДАПТ. МЛЯКО ФРИЗОВОМ 400ГР","3115","65","12.37",""
"07079","АФИА ЗОРНИЦА","АДАПТ. МЛЯКО ФРИЗОЛАК 1 400ГР + ЛЪЖИЧКА","3118","65","9.28",""
"07079","АФИА ЗОРНИЦА","ЛАКАЛУТ ПЗ. АКТИВ 75мл","3429","81","3.87","2.90"
"07079","АФИА ЗОРНИЦА","АКВАФРЕШ паста за зъби детска 3-5 години little teeth","3433","81","3.52",""
"07079","АФИА ЗОРНИЦА","АДАПТ. МЛЯКО НАН НА 400Г 0-12 МЕСЕЦА","3638","65","13.29",""
"07079","АФИА ЗОРНИЦА","АКВАФРЕШ паста за зъби fresh&minty125ml синя","3930","81","2.69",""
"07079","АФИА ЗОРНИЦА","АНАЛГИН ТАБЛ. 500МГ 2 Х 10 СФ","4202","96","1.67",""
"07079","АФИА ЗОРНИЦА","ПАРОДОНТАКС паста за зъби F 75МЛ","4271","81","5.46",""
"07079","АФИА ЗОРНИЦА","ТРОМБО ASS 100МГ Х 30 ГЕРОТ","4322","96","1.38",""
"07079","АФИА ЗОРНИЦА","ДИКЛАК МАКС ГЕЛ 5% 50Г","4407","95","7.15",""
"07079","АФИА ЗОРНИЦА","ЛОПЕДИУМ КАПС. 2МГ Х 10","4440","89","3.56",""
"07079","АФИА ЗОРНИЦА","МИРТОЛ КАПС.120МГ Х 20","4966","99","4.80",""
"07079","АФИА ЗОРНИЦА","ЕЛГИДИУМ ПЗ.АНТИПЛАКА 75ml","5207","81","6.53",""
"07079","АФИА ЗОРНИЦА","НУРОФЕН ТАБЛ. 200МГ Х 12","5237","94","3.39",""
"07079","АФИА ЗОРНИЦА","ЕЛГИДИУМ ПЗ.ИЗБЕЛВАЩА 75ml","5605","81","7.21",""
"07079","АФИА ЗОРНИЦА","ДАВ сапун exfoliating 100g","5666","83","1.31",""
"07079","АФИА ЗОРНИЦА","НУРОФЕН СУСП. 100МГ/5МЛ 100МЛ /ПОРТОКАЛ/","5803","94","4.54",""
"07079","АФИА ЗОРНИЦА","ДАВ сапун original cream bar 100g","5857","83","1.73",""
"07079","АФИА ЗОРНИЦА","ЕУСЕРИН ph5.5 сапун за чувств.кожа","6078","83","4.08",""
"07079","АФИА ЗОРНИЦА","КСИЗАЛ ТАБЛ. 5МГ Х 20","6448","100","11.23",""
"07079","АФИА ЗОРНИЦА","КСИЗАЛ ТАБЛ. 5МГ Х 7","6502","100","4.49",""
"07079","АФИА ЗОРНИЦА","ПСИЛО-БАЛСАМ ГЕЛ 20ГР","6551","91","5.93",""
"07079","АФИА ЗОРНИЦА","АСПИРИН ПРОТЕКТ ТАБЛ. 100МГ Х 40","6576","96","3.06",""
"07079","АФИА ЗОРНИЦА","ПАРОДОНТАКС паста за зъби КЛАСИК /БЕЗ ФЛУОРИД/ 75МЛ","7138","81","5.46",""
"07079","АФИА ЗОРНИЦА","КАЛМАБЕН ТАБЛ. Х 10","7500","91","3.13",""
"07079","АФИА ЗОРНИЦА","МУКОНАЗАЛ ПЛЮС СПРЕЙ 10МЛ","7593","97","6.43",""
"07079","АФИА ЗОРНИЦА","КАЛМАБЕН ТАБЛ. Х 20","7600","91","5.52",""
"07079","АФИА ЗОРНИЦА","АКВАФРЕШ четка за зъби standart family","8489","80","0.96",""
"07079","АФИА ЗОРНИЦА","ХЕКСАЛГИН СОЛ.500МГ/МЛ 20МЛ","8491","96","5.31",""
"07079","АФИА ЗОРНИЦА","КЕТОЗАЛ ШАМПОАН 2% 60МЛ   Х","8533","90","7.11","6.40"
"07079","АФИА ЗОРНИЦА","НУРОФЕН ФОРТЕ ТАБЛ.400МГ Х 12","8703","94","4.59",""
"07079","АФИА ЗОРНИЦА","СТРЕПСИЛС ИНТЕНЗИВ ТАБЛ. Х 16","9302","98","5.57",""
"07079","АФИА ЗОРНИЦА","ДИАЛГИН САШЕТИ 1000МГ Х 20 ХИМАКС","9395","96","7.37",""
"07079","АФИА ЗОРНИЦА","ЕЛГИДИУМ ЧЗ.КЛИНИК антиплака S","9696","80","5.95",""
"07079","АФИА ЗОРНИЦА","ДАВ сапун fresh touch 100g","9715","83","1.31",""
"07079","АФИА ЗОРНИЦА","АДАПТ. МЛЯКО ФРИЗО 3 400Г","9775","65","8.10",""
"07079","АФИА ЗОРНИЦА","ЧАЙ ЗА ДИАБЕТИЦИ С КАНЕЛА Ф.20 БИОПРОГРАМА","10065","72","1.00",""
"07079","АФИА ЗОРНИЦА","ДУЛКОЛАКС ПИКО КАПКИ 7,5МГ 15МЛ","10072","88","5.86",""
"07079","АФИА ЗОРНИЦА","ЛАКАЛУТ ПЗ. ИЗБЕЛВАЩА 75МЛ","10221","81","3.87","2.90"
"07079","АФИА ЗОРНИЦА","НУРОФЕН СУСП. 100МГ/5МЛ 100МЛ /ЯГОДА/","10248","94","4.54",""
"07079","АФИА ЗОРНИЦА","БОЧКО САПУН СМРАДЛИКА 75ГР.","10384","83","0.99",""
"07079","АФИА ЗОРНИЦА","ФАМОТИДИН АЛКАЛОИД ТАБЛ. 20МГ Х 20","10842","86","0.97",""
"07079","АФИА ЗОРНИЦА","ВОЛТАРЕН ЕМУЛГЕЛ 1,16% 100ГР","10916","95","10.16","7.99"
"07079","АФИА ЗОРНИЦА","ДИАРОСТАД КАПС. x 10","11014","89","3.36",""
"07079","АФИА ЗОРНИЦА","АКВАФРЕШ четка за зъби DUO clean & flex MEDIUM","11125","80","2.69",""
"07079","АФИА ЗОРНИЦА","СТОПЕРАН КАПС.2МГ Х 8","11131","89","3.27",""
"07079","АФИА ЗОРНИЦА","ЧАЙ ПРИ ГРИП И ПРОСТУДА/СТУД И ЗИМА БИПРОГРАМА","11229","72","1.00",""
"07079","АФИА ЗОРНИЦА","БИОТРЕЙД  АКНЕ АУТ САПУН 100Г","12382","83","6.12",""
"07079","АФИА ЗОРНИЦА","БЕНАЛГИН ТАБЛ. Х 10","12604","96","1.70",""
"07079","АФИА ЗОРНИЦА","ДЕРМОДРИН МАЗ 30ГР","12712","91","3.98",""
"07079","АФИА ЗОРНИЦА","НИЯ САПУН КАТРАНЕН 60ГР","12713","83","0.69",""
"07079","АФИА ЗОРНИЦА","НИЯ САПУН СЕРЕН 60ГР","12714","83","0.69",""
"07079","АФИА ЗОРНИЦА","КСИЗАЛ СОЛ. 5МГ/МЛ 20МЛ","12842","100","5.50",""
"07079","АФИА ЗОРНИЦА","НАЗИК НАЗ.СПРЕЙ ЗА ДЕЦА 10МЛ","12996","97","4.74",""
"07079","АФИА ЗОРНИЦА","ЗЕНАРО ТАБЛ. 5МГ Х 7","13003","100","3.57",""
"07079","АФИА ЗОРНИЦА","МИГ-400 ТАБЛ. 400МГ Х 10","13010","94","2.54",""
"07079","АФИА ЗОРНИЦА","ДИКЛАК МАКС ГЕЛ 5% 100Г","13113","95","8.94",""
"07079","АФИА ЗОРНИЦА","ПАРОДОНТАКС паста за зъби WHITENING 75МЛ","13119","81","5.46",""
"07079","АФИА ЗОРНИЦА","ПРОАЛГИН ТАБЛ. 500МГ Х 20","13407","96","1.28",""
"07079","АФИА ЗОРНИЦА","ФЕЛОРАН гел 1% - 60g  Софарма","13428","95","4.29","3.65"
"07079","АФИА ЗОРНИЦА","НАЗИК НАЗ.СПРЕЙ 10МЛ","13740","97","6.48",""
"07079","АФИА ЗОРНИЦА","АКВАФРЕШ паста за зъби junior 6+ 50ml","13940","81","3.52",""
"07079","АФИА ЗОРНИЦА","РУВЕКСИН ТАБЛ. 325МГ Х 100","13945","96","2.96",""
"07079","АФИА ЗОРНИЦА","АДАПТ. МЛЯКО НАН ОПТИПРО 1 800Г","14239","65","22.85",""
"07079","АФИА ЗОРНИЦА","ЧАЙ БРОНХО ПАМ С ЕХИНАЦЕЯ /ЗЕЛЕН/ ФИЛТЪР Х 30","14306","72","3.63",""
"07079","АФИА ЗОРНИЦА","АСТЕРА PARODONT ACTIVE п.за зъби 75мл.","14726","81","3.21",""
"07079","АФИА ЗОРНИЦА","ПЗ.БИЛКА дент пародонт експерт 75ml","14893","81","2.36",""
"07079","АФИА ЗОРНИЦА","АНАЛГИН ХИН ТАБЛ. 250МГ Х 10","15006","96","1.89",""
"07079","АФИА ЗОРНИЦА","ИМОМЕД ТАБЛ. 2МГ Х 10","15176","89","2.68",""
"07079","АФИА ЗОРНИЦА","СИАФЕН СУСП.100МГ/5МЛ 120МЛ","15215","94","3.61",""
"07079","АФИА ЗОРНИЦА","ДИКЛАК ГЕЛ 1% 50Г","15243","95","6.13",""
"07079","АФИА ЗОРНИЦА","ЛАКАЛУТ ЧЗ. АКТИВ","15427","80","3.87","2.90"
"07079","АФИА ЗОРНИЦА","КАФЕТИН МЕНСТРУАЛ ТАБЛ. 200МГ  Х 10","15432","94","3.26",""
"07079","АФИА ЗОРНИЦА","НУРОФЕН ЕКСПРЕС КАПС. 200МГ Х 10","15451","94","4.59",""
"07079","АФИА ЗОРНИЦА","ДАВ сапун men fresh 100g","15469","83","1.31",""
"07079","АФИА ЗОРНИЦА","АЦЕТИЗАЛ КАРДИО ТАБЛ. 100МГ Х 30","15483","96","1.99",""
"07079","АФИА ЗОРНИЦА","ЕЛГИДИУМ ПЗ. brilliance /за интенз.избелване/","15549","81","8.48",""
"07079","АФИА ЗОРНИЦА","ЕЛГИДИУМ ПЗ.ДЕТСКА bubbles 7-12г 50ml","15613","81","5.09",""
"07079","АФИА ЗОРНИЦА","ЕЛГИДИУМ ПЗ.ДЕТСКА г.плодове 50ml","15614","81","5.09",""
"07079","АФИА ЗОРНИЦА","НИЯ САПУН С ХУМА 60ГР","15629","83","0.69",""
"07079","АФИА ЗОРНИЦА","НУРОФЕН ТАБЛ. 200МГ Х 24","15634","94","5.78",""
"07079","АФИА ЗОРНИЦА","ЙОДАСЕПТ УНГВ. 40Г","15692","92","3.05",""
"07079","АФИА ЗОРНИЦА","ЧАЙ ФИТОЛЕК ГИНКО Х20","15693","72","2.00",""
"07079","АФИА ЗОРНИЦА","ЧАЙ ФИТОЛЕК ЕЛЕГАНС Х20","15695","72","2.00",""
"07079","АФИА ЗОРНИЦА","ЧАЙ ФИТОЛЕК ИМУНО Х20","15696","72","2.00",""
"07079","АФИА ЗОРНИЦА","ЧАЙ ФИТОЛЕК КАРДИО Х20","15697","72","2.00",""
"07079","АФИА ЗОРНИЦА","ЧАЙ ФИТОЛЕК ПРОСТАТА Х 20","15699","72","2.00",""
"07079","АФИА ЗОРНИЦА","ЧАЙ ФИТОЛЕК РЕЛАКС Х 20","15700","72","2.00",""
"07079","АФИА ЗОРНИЦА","ЧАЙ ФИТОЛЕК СЛАБИТЕЛЕН Х 20","15701","72","2.00",""
"07079","АФИА ЗОРНИЦА","ЧАЙ ФИТОЛЕК УРО Х20","15702","72","2.00",""
"07079","АФИА ЗОРНИЦА","ЧАЙ ФИТОЛЕК ФАРИНГО Х 20","15703","72","2.00",""
"07079","АФИА ЗОРНИЦА","ДУЛКОЛАКС ТАБЛ. 5МГ Х 30","15745","88","5.86",""
"07079","АФИА ЗОРНИЦА","ЧАЙ МЕЧО ГРОЗДЕ ФИЛТЪР Х 20 БИОПРОГРАМА","15811","72","1.00",""
"07079","АФИА ЗОРНИЦА","ДИАЛГИН ДЖУНИЪР САШЕ 250МГ Х 5 ХИМАКС","16102","96","1.89",""
"07079","АФИА ЗОРНИЦА","ГЛИМБАКС ОРАЛ 200МЛ","16307","95","9.36",""
"07079","АФИА ЗОРНИЦА","ДАВ сапун supreme creme oil  100г","16326","83","1.31",""
"07079","АФИА ЗОРНИЦА","АЦЕТИЗАЛ КАРДИО ТАБЛ. 100МГ Х 100","16331","96","5.99",""
"07079","АФИА ЗОРНИЦА","СЕНСОДИН паста за зъби REPAIR 75ml","16533","81","7.76",""
"07079","АФИА ЗОРНИЦА","МИГ ЗА ДЕЦА СИРОП 20МГ/МЛ 100МЛ","16551","94","3.76",""
"07079","АФИА ЗОРНИЦА","АЦЕТИЗАЛ КАРДИО ТАБЛ. 75МГ Х 100","16734","96","4.73",""
"07079","АФИА ЗОРНИЦА","БОЧКО САПУН ЛАЙКА 75ГР","16793","83","0.99",""
"07079","АФИА ЗОРНИЦА","АПИРИ ТАБЛ. 100МГ Х 30","16840","96","1.93",""
"07079","АФИА ЗОРНИЦА","ЕЛГИДИУМ ПЗ.СЕНЗИТИВ 75ml","16988","81","6.63",""
"07079","АФИА ЗОРНИЦА","ВОЛТАРЕН ФОРТЕ ГЕЛ 2,32% 50ГР","17051","95","8.96","6.99"
"07079","АФИА ЗОРНИЦА","ЧАЙ БАБИНИ ЗЪБИ ФИЛТЪР Х 20 БИОПРОГРАМА","17074","72","1.19",""
"07079","АФИА ЗОРНИЦА","ЛАКАЛУТ ПЗ. УАЙТ И РИПЕЪР 75МЛ","17078","81","4.89","3.67"
"07079","АФИА ЗОРНИЦА","ДИАЛГИН САШЕТИ 500МГ Х 20 ХИМАКС","17543","96","6.77",""
"07079","АФИА ЗОРНИЦА","ОТИРЕЛАКС СОЛ. 15МЛ","17705","101","4.06",""
"07079","АФИА ЗОРНИЦА","АДАПТ. МЛЯКО ФРИЗОЛАК 2  400ГР + ЛЪЖИЧКА","17765","65","9.08",""
"07079","АФИА ЗОРНИЦА","АКВАФРЕШ паста за зъби fresh&minty  синя 75ml","17840","81","2.03","1.62"
"07079","АФИА ЗОРНИЦА","ЛАКАЛУТ ПЗ. АКТИВ ХЕРБАЛ 75МЛ","17989","81","3.87","2.90"
"07079","АФИА ЗОРНИЦА","ПАРОДОНТАКС паста за зъби EXTRA FRESH 75МЛ","18011","81","5.46",""
"07079","АФИА ЗОРНИЦА","ЕЛГИДИУМ ПЗ.ДЕТСКА свежа ягода 50ml","18223","81","5.09",""
"07079","АФИА ЗОРНИЦА","ЧАЙ ФИТОЛЕК ГАСТРО Х20","18338","72","2.00",""
"07079","АФИА ЗОРНИЦА","ЕЛГИДИУМ ПЗ.АНТИКАРИЕС 75ml","18398","81","6.07",""
"07079","АФИА ЗОРНИЦА","СЕНСОДИН паста за зъби PROTECT&REPAIR WHITENING 75МЛ","18419","81","6.80",""
"07079","АФИА ЗОРНИЦА","НУРОФЕН ЕКСПРЕС ФОРТЕ КАПС. 400МГ Х 10","18430","94","5.43",""
"07079","АФИА ЗОРНИЦА","ЧАЙ ВЪЛШЕБНИК филтър х20 БИОПРОГРАМА","18452","72","1.25",""
"07079","АФИА ЗОРНИЦА","ЧАЙ МАТОЧИНА ФИЛТЪР Х16 БИЛЕК","18583","72","1.56",""
"07079","АФИА ЗОРНИЦА","ЧАЙ БРОНХОЛЕК ГРЪДЕН Ф.Х 16","18584","72","1.68",""
"07079","АФИА ЗОРНИЦА","ЛАКТАНА БИО 1 адпт. мляко 600гр.","18647","65","18.52",""
"07079","АФИА ЗОРНИЦА","АНАЛГИН КАПКИ 500МГ/МЛ 20МЛ СФ","18658","96","3.22",""
"07079","АФИА ЗОРНИЦА","ЧАЙ ФИТОЛЕК ЛАКТО Х20","18690","72","2.00",""
"07079","АФИА ЗОРНИЦА","НУРОФЕН ФЕМИНА ФОРТЕ табл.х 12","18693","94","5.43",""
"07079","АФИА ЗОРНИЦА","ПЗ.БИЛКА дент експерт избелваща 75ml","18765","81","2.51",""
"07079","АФИА ЗОРНИЦА","ДАВ сапун go fresh restore 100g","18766","83","1.31",""
"07079","АФИА ЗОРНИЦА","ФЕЛОРАН ФОРТЕ ГЕЛ 5% 40ГР","18775","95","5.50","4.68"
"07079","АФИА ЗОРНИЦА","БИЗАКОДИЛ СОФАРМА СУПОЗ. 5МГ Х 6","18919","88","2.35",""
"07079","АФИА ЗОРНИЦА","БИОРИПЕЪР пз night repair 75ml","18969","81","4.55",""
"07079","АФИА ЗОРНИЦА","БИОРИПЕЪР пз Junior  ЯГОДА 50ml","18970","81","3.04",""
"07079","АФИА ЗОРНИЦА","ЧАЙ МЕНТА ФИЛТЪР Х 20 БИОПРОГРАМА","19084","72","0.96",""
"07079","АФИА ЗОРНИЦА","ЧАЙ ФИТОЛЕК ДИАБЕТ","19312","72","2.00",""
"07079","АФИА ЗОРНИЦА","БОЧКО САПУН НЕВЕН 75ГР","19341","83","0.99",""
"07079","АФИА ЗОРНИЦА","БОЧКО САПУН ЛАВАНДУЛА 75ГР","19342","83","0.99",""
"07079","АФИА ЗОРНИЦА","ЕЛГИДИУМ ЧЗ.diffusion S","19382","80","5.95",""
"07079","АФИА ЗОРНИЦА","ЕЛГИДИУМ ЧЗ.избелваща S","19392","80","6.34",""
"07079","АФИА ЗОРНИЦА","ЧАЙ БИОБРОНХО ФИЛТЪР Х 20 БИОПРОГРАМА","19513","72","1.00",""
"07079","АФИА ЗОРНИЦА","ЧАЙ ЛАЙКА ФИЛТЪР Х 20 БИОПРОГРАМА","19514","72","0.96",""
"07079","АФИА ЗОРНИЦА","ЧАЙ ЗА БЪБРЕЦИ ПО ЛАМБРЕВ Х 30","19519","72","2.69",""
"07079","АФИА ЗОРНИЦА","ЧАЙ ФИТОЛЕК БРОНХО Х 20","19624","72","2.00",""
"07079","АФИА ЗОРНИЦА","ЧАЙ ЦЯРЪ при бъбречни проблеми х 30","20221","72","3.39",""
"07079","АФИА ЗОРНИЦА","ЧАЙ ЦЯРЪ при кашлица и бронхит х 30","20223","72","3.39",""
"07079","АФИА ЗОРНИЦА","ЧАЙ ЦЯРЪ при киселини в стомаха х 30","20224","72","3.39",""
"07079","АФИА ЗОРНИЦА","ЧАЙ ЦЯРЪ при проблеми на жлъчката х 30","20225","72","3.39",""
"07079","АФИА ЗОРНИЦА","ЧАЙ ЦЯРЪ слабителен х 30","20226","72","3.39",""
"07079","АФИА ЗОРНИЦА","ЧАЙ ЦЯРЪ срещу лошия холестерол х 30","20227","72","3.39",""
"07079","АФИА ЗОРНИЦА","ИМОДИУМ ИНСТАНТ ОРОДИСП. ТАБЛ. 2МГ Х 6","20294","89","4.16",""
"07079","АФИА ЗОРНИЦА","ЧАЙ ЛЕКА НОЩ филтър х20 БИОПРОГРАМА","20307","72","0.80",""
"07079","АФИА ЗОРНИЦА","ДОЛОРЕН ТАБЛ. 200МГ Х 10","20458","94","1.55",""
"07079","АФИА ЗОРНИЦА","НИЯ САПУН КАТРАНЕН+БИЛКИ 60ГР.","20660","83","0.69",""
"07079","АФИА ЗОРНИЦА","ЧАЙ МАТОЧИНА ФИЛТЪР Х 20 БИОПРОГРАМА","20755","72","0.85",""
"07079","АФИА ЗОРНИЦА","ЧАЙ РОДОПСКИ филтър х20 БИОПРОГРАМА","20757","72","0.80",""
"07079","АФИА ЗОРНИЦА","ЧАЙ КАРКАДЕ ФИЛТЪР Х20 АЛИН","20762","72","0.97",""
"07079","АФИА ЗОРНИЦА","ЧАЙ ОТСЛАБВАНЕ филтър х20 БИОПРОГРАМА","20796","72","1.00",""
"07079","АФИА ЗОРНИЦА","ХИП 1 COMBIOTIK адапт.мляко 300г.","20833","64","10.21",""
"07079","АФИА ЗОРНИЦА","ГЪМ четка за зъби technique soft","20848","80","3.33",""
"07079","АФИА ЗОРНИЦА","ВЛ. КЪРПИ BABY BEBELAN СМРАДЛИКА+ЛАЙКА с капак х80","20866","84","1.94",""
"07079","АФИА ЗОРНИЦА","А-ДЕРМА дерматологичен сапун с екстракт от Риалба","21054","83","7.54",""
"07079","АФИА ЗОРНИЦА","ГЪМ четка за зъби activital soft","21076","80","4.85",""
"07079","АФИА ЗОРНИЦА","АЦЦ ЗА ДЕЦА СОЛ 20МГ/МЛ ПЕРОРАЛЕН Р-Р 100МЛ","21657","99","6.85",""
"07079","АФИА ЗОРНИЦА","ДИАЛГИН САШЕТА 1000МГ Х 6 ХИМАКС","21780","96","2.46",""
"07079","АФИА ЗОРНИЦА","ДОЛОРЕН ТАБЛ. 400МГ Х 12","21854","94","2.55",""
"07079","АФИА ЗОРНИЦА","НИЯ САПУН П-В АКНЕ НЕВЕН 60ГР","21884","83","0.69",""
"07079","АФИА ЗОРНИЦА","НИЯ САПУН П-В АКНЕ СМРАДЛИКА 60ГР","21885","83","0.69",""
"07079","АФИА ЗОРНИЦА","САПУН БИРЕН 70г","21886","83","0.69",""
"07079","АФИА ЗОРНИЦА","ЛАКТАНА БИО 2 адпт. мляко 600гр.","21904","65","18.52",""
"07079","АФИА ЗОРНИЦА","ЕЛГИДИУМ ПЗ.АНТИПЛАКА 100ml","21972","81","7.68",""
"07079","АФИА ЗОРНИЦА","АДАПТ. МЛЯКО АПТАМИЛ AR 400ГР","22022","65","14.15",""
"07079","АФИА ЗОРНИЦА","ЧАЙ ФИЛТЪР AHMAD ЧЕРЕН ЧАЙ АНГЛИЙСКА ЗАКУСКА х 20","22072","72","2.95",""
"07079","АФИА ЗОРНИЦА","ЧАЙ ФИЛТЪР AHMAD ЧЕРЕН ЧАЙ ЪРЛ ГРЕЙ х 20","22073","72","2.95",""
"07079","АФИА ЗОРНИЦА","АПТАМИЛ Premature за недоносени деца 400г","22085","65","14.05",""
"07079","АФИА ЗОРНИЦА","АДАПТ. МЛЯКО АПТАМИЛ  БЕЗ ЛАКТОЗА 400ГР","22123","65","11.70",""
"07079","АФИА ЗОРНИЦА","ЧАЙ ЧЕРЕН БЪЗ ФИЛТЪР Х16 БИЛЕК","22353","72","1.68",""
"07079","АФИА ЗОРНИЦА","АЛМИРАЛ ГЕЛ 1,16% 50ГР","22445","95","5.59",""
"07079","АФИА ЗОРНИЦА","АДАПТ. МЛЯКО НАН КОМФОРТИС 1 800Г","22500","65","19.94",""
"07079","АФИА ЗОРНИЦА","ЕЛГИДИУМ ЧЗ.Inspiration S","22681","80","5.95",""
"07079","АФИА ЗОРНИЦА","ДИАЛГИН КАПКИ 500МГ/МЛ 20 МЛ","22854","96","4.18",""
"07079","АФИА ЗОРНИЦА","БОЧКО МОКРИ КЪРПИ ЛАВАНДУЛА Х 64","22865","84","1.20",""
"07079","АФИА ЗОРНИЦА","АДАПТ. МЛЯКО НАН 3 400Г","22871","65","11.43",""
"07079","АФИА ЗОРНИЦА","ИБУТОП КРЕМ 50ГР","22881","94","5.56",""
"07079","АФИА ЗОРНИЦА","ЗЕНАРО ТАБЛ. 5МГ Х 28","22923","100","9.70",""
"07079","АФИА ЗОРНИЦА","ЧАЙ ЛАЙКА ФИЛТЪР Х16 БИЛЕК","22966","72","1.61",""
"07079","АФИА ЗОРНИЦА","ЧАЙ МЕЧО ГРОЗДЕ ФИЛТЪР Х16 БИЛЕК","22967","72","1.61",""
"07079","АФИА ЗОРНИЦА","ТЕО БЕБЕ сапун лавандула 75гр","23016","83","0.86",""
"07079","АФИА ЗОРНИЦА","АДАПТ. МЛЯКО ФРИЗОЛАК ПЕП АС 400ГР","23483","65","15.13",""
"07079","АФИА ЗОРНИЦА","ВЛ. КЪРПИ BABY BEBELAN ЛАЙКА+АЛОЕ с капак х25","23700","84","0.61",""
"07079","АФИА ЗОРНИЦА","ВЛ. КЪРПИ BABY BEBELAN СМРАДЛИКА+ЛАЙКА с капак х25","23701","84","0.61",""
"07079","АФИА ЗОРНИЦА","ХИМАЛАЯ САПУН С НИЙМ И КУРКУМА 75ГР","23777","83","0.99",""
"07079","АФИА ЗОРНИЦА","ВЛ. КЪРПИ BABY BEBELAN НЕВЕН +ЛАЙКА с капак х80","24142","84","1.94",""
"07079","АФИА ЗОРНИЦА","ДАВ сапун кокос 100g","24213","83","1.31",""
"07079","АФИА ЗОРНИЦА","ЧАЙ ФИЛТЪР AHMAD РОЙБОС/КАНЕЛАх 20","24333","72","2.71",""
"07079","АФИА ЗОРНИЦА","ШАМПОАН ХИНИН 500мл.","24460","82","2.66",""
"07079","АФИА ЗОРНИЦА","СТРЕПСИЛС ИНТЕНЗИВ спрей 8.75 mg/dose 15мл","24723","98","8.06",""
"07079","АФИА ЗОРНИЦА","ЕКЗОДЕРИЛ 1%  СОЛ. 20МЛ","25011","90","12.26",""
"07079","АФИА ЗОРНИЦА","САПУН АЛОЕ ВЕРА 60г.","25161","83","0.69",""
"07079","АФИА ЗОРНИЦА","НИЯ САПУН С КОПРИВА 60ГР.","25164","83","0.69",""
"07079","АФИА ЗОРНИЦА","НИЯ САПУН С НЕВЕН 60ГР.","25165","83","0.69",""
"07079","АФИА ЗОРНИЦА","АЦЕЦИС САШЕТА 200МГ Х 20","25316","99","5.10",""
"07079","АФИА ЗОРНИЦА","ЕЛГИДИУМ ПЗ.ДЕТСКА банан 2-6г 50ml","25335","81","5.09",""
"07079","АФИА ЗОРНИЦА","НИЯ САПУН СЪС СМРАДЛИКА 60ГР","25467","83","0.69",""
"07079","АФИА ЗОРНИЦА","АДАПТ. МЛЯКО ФРИЗО 4 400ГР","25541","65","8.63",""
"07079","АФИА ЗОРНИЦА","ЧАЙ МЕНТА ФИЛТЪР Х16 БИЛЕК","25623","72","1.61",""
"07079","АФИА ЗОРНИЦА","ЕЛГИДИУМ ПЗ.ИЗБЕЛВАЩА 75ml лимон","25713","81","7.21",""
"07079","АФИА ЗОРНИЦА","ЧАЙ ФИЛТЪР AHMAD ЧЕРЕН ЧАЙ ЦЕЙЛОН х 20","26073","72","2.95",""
"07079","АФИА ЗОРНИЦА","ЧАЙ ФИЛТЪР AHMAD ПЛОДОВ ПРАСКОВА/МАРАКУЯ  х 20","26074","72","2.95",""
"07079","АФИА ЗОРНИЦА","ЧАЙ ФИЛТЪР AHMAD ПЛОДОВ СЕЛЕКЦИЯ  х 20","26077","72","2.96",""
"07079","АФИА ЗОРНИЦА","АЦЕСАЛ ПРОТЕКТ 100МГ ТАБЛ. Х 40","26085","96","2.96","2.37"
"07079","АФИА ЗОРНИЦА","АДАПТ. МЛЯКО НАН ОПТИПРО 2 800Г","26094","65","20.34",""
"07079","АФИА ЗОРНИЦА","ЗЕРОТРОМБ ТАБЛ. 100МГ Х 30","26128","96","2.49",""
"07079","АФИА ЗОРНИЦА","АЦЦ ЕФ.ТАБЛ. 600МГ Х 10","26148","99","8.64","6.91"
"07079","АФИА ЗОРНИЦА","АКВАФРЕШ паста за зъби intense clean deep action 75 ml","26197","81","3.52","2.64"
"07079","АФИА ЗОРНИЦА","АКВАФРЕШ паста за зъби intense whitening 75 ml","26198","81","3.52","2.64"
"07079","АФИА ЗОРНИЦА","ПАРОДОНТАКС паста за зъби ultra clean 75 ml","26199","81","5.46",""
"07079","АФИА ЗОРНИЦА","НУРОФЕН СУСП. за юноши ягода 200 mg/5ml 100мл","26244","94","5.87",""
"07079","АФИА ЗОРНИЦА","ПАНАКТИВ СУСП. 100МГ/5МЛ 120МЛ","26363","94","3.57",""
"07079","АФИА ЗОРНИЦА","ХИМАЛАЯ САПУН  с краставица 75гр","26570","83","1.12",""
"07079","АФИА ЗОРНИЦА","АДАПТ. МЛЯКО НАН 3 800г","26639","65","19.42",""
"07079","АФИА ЗОРНИЦА","САПУН Докторски","26689","83","1.35",""
"07079","АФИА ЗОРНИЦА","ВЛ. КЪРПИ LARA x 120 бр. лайка","26780","84","1.52",""
"07079","АФИА ЗОРНИЦА","ВЛ. КЪРПИ LARA x 120 бр. гербер","26781","84","1.52",""
"07079","АФИА ЗОРНИЦА","ВЛ. КЪРПИ LARA x 120 бр. алое","26782","84","1.52",""
"07079","АФИА ЗОРНИЦА","ЛАКТАНА БИО 3 адпт. мляко 600гр.","26955","65","15.64",""
"07079","АФИА ЗОРНИЦА","ЧАЙ ЦЯР за пречистване на кръвта  Х30","27072","72","3.39",""
"07079","АФИА ЗОРНИЦА","ЧАЙ ЦЯРЪ ДИАБЕТИЦИ Х30","27159","72","3.39",""
"07079","АФИА ЗОРНИЦА","ИБУРАПИД 400МГ ТАБЛ. Х 10","27217","94","3.95",""
"07079","АФИА ЗОРНИЦА","АЗПИЗАЛ ТАБЛ. 325МГ Х 100","27261","96","2.58",""
"07079","АФИА ЗОРНИЦА","ЛАКАЛУТ ПЗ. АКТИВ 75ml + ЧЕТКA","27410","81","3.87",""
"07079","АФИА ЗОРНИЦА","ХИМАЛАЯ САПУН С МЕД И МЛЯКО 75ГР","27450","83","1.12",""
"07079","АФИА ЗОРНИЦА","НУРОФЕН СУСП. за юноши портокал 200 mg/5ml  100мл","27521","94","6.26",""
"07079","АФИА ЗОРНИЦА","ВЛ. КЪРПИ LARA x 120 бр. лавандула","27579","84","1.52",""
"07079","АФИА ЗОРНИЦА","ПЗ.БИЛКА дент хималайска сол","27618","81","2.22",""
"07079","АФИА ЗОРНИЦА","БИОРИПЕЪР пз Junior 6-12 mint 75 ml","27642","81","3.47",""
"07079","АФИА ЗОРНИЦА","ДИАЛГИН САШЕТА 500mg x 6","27974","96","2.36",""
"07079","АФИА ЗОРНИЦА","ВЛ. КЪРПИ LARA x 120 бр.фамилни + роза","28195","84","1.52",""
"07079","АФИА ЗОРНИЦА","ПЗ.БИЛКА дент хомеопатична дж.+лайм","28291","81","2.51",""
"07079","АФИА ЗОРНИЦА","ПЗ.БИЛКА дент хомеопатична мастиха","28292","81","2.51",""
"07079","АФИА ЗОРНИЦА","ЧАЙ ЦЯР при подагра Х30","28410","72","3.39",""
"07079","АФИА ЗОРНИЦА","ЧАЙ ЦЯР простатит  Х30","28411","72","3.39",""
"07079","АФИА ЗОРНИЦА","ЕКЗОДЕРИЛ 1%  КРЕМ 30ГР","28444","90","9.65",""
"07079","АФИА ЗОРНИЦА","АСПИРИН УЛТРА ТАБЛ. 500МГ Х 20","28454","96","4.72",""
"07079","АФИА ЗОРНИЦА","АСПИРИН УЛТРА ТАБЛ. 500МГ Х 8","28455","96","1.84",""
"07079","АФИА ЗОРНИЦА","ЧАЙ ФИТОЛЕК ЕХИНАЦЕЯ Х20","28467","72","2.00",""
"07079","АФИА ЗОРНИЦА","ХИМАЛАЯ САПУН С БАДЕМ 75ГР","28496","83","1.12",""
"07079","АФИА ЗОРНИЦА","ДЖОНСЪН шампоан лайка 300ml","28660","82","4.49",""
"07079","АФИА ЗОРНИЦА","СТРЕПСИЛС ИНТЕНЗИВ tabl. x 24","28694","98","8.06",""
"07079","АФИА ЗОРНИЦА","АДАПТ. МЛЯКО АПТАМИЛ ADC 400ГР","28964","65","14.57",""
"07079","АФИА ЗОРНИЦА","АЛМИРАЛ ГЕЛ 1,16% 250Г","28978","95","14.46",""
"07079","АФИА ЗОРНИЦА","ВЛ. КЪРПИ LARA x 120 бр.фамилни цитрус","29121","84","1.52",""
"07079","АФИА ЗОРНИЦА","ВЛ. КЪРПИ LARA x 120 бр. премиум","29122","84","1.52",""
"07079","АФИА ЗОРНИЦА","ИБУЛЕК 600МГ САШЕТА Х 10","29538","94","7.32",""
"07079","АФИА ЗОРНИЦА","АСТЕРА PARODONT STOP п.за зъби 75мл.","29847","81","3.21",""
"07079","АФИА ЗОРНИЦА","ВОЛТАРЕН ФОРТЕ ГЕЛ 2,32% 150ГР","29938","95","18.40","14.72"
"07079","АФИА ЗОРНИЦА","СЕНСОДИН паста за зъби RAPID RELIEF 75ml","30004","81","7.76",""
"07079","АФИА ЗОРНИЦА","БИОРИПЕЪР ПЗ PRO WHITE 75ml","30290","81","4.55",""
"07079","АФИА ЗОРНИЦА","ЧАЙ ЛИПА ФИЛТЪР Х16 БИЛЕК","30398","72","1.61",""
"07079","АФИА ЗОРНИЦА","АКАРД ТАБЛ. 75МГ Х 30","30443","96","2.25",""
"07079","АФИА ЗОРНИЦА","ЕЛГИДИУМ ПЗ.АНТИПЛАКА  50мл","30480","81","5.09",""
"07079","АФИА ЗОРНИЦА","СЛЪНЧО КАША 4мес. БАНАНОВА МЛЕЧНА безглутенова 200г.","30687","63","2.50",""
"07079","АФИА ЗОРНИЦА","ИБУЛЕК 400МГ САШЕТА Х 10","30698","94","5.85",""
"07079","АФИА ЗОРНИЦА","СЛЪНЧО КАША 6мес. БИСКВИТЕНО БАНАНОВА млечна 200г.","30699","63","2.65",""
"07079","АФИА ЗОРНИЦА","ЧАЙ ФИЛТЪР AHMAD ЧЕРЕН ЧАЙ АНГЛИЙСКИ X20","30753","72","2.95",""
"07079","АФИА ЗОРНИЦА","АНГАЛ МЕНТОЛ СПРЕЙ 2МГ/МЛ+0,5МГ/МЛ 30МЛ","30922","98","9.74",""
"07079","АФИА ЗОРНИЦА","АНГАЛ МЕНТОЛ ТАБЛ. ЗА СМУЧЕНЕ 5МГ/1МГ Х 24","30923","98","7.45",""
"07079","АФИА ЗОРНИЦА","БИОТРЕЙД  ПЮЪР СКИН ЧЕРЕН ДЕТОКС САПУН 100ГР","31073","83","6.45",""
"07079","АФИА ЗОРНИЦА","СЕНСОДИН четка за зъби gentle care soft","31111","80","4.89",""
"07079","АФИА ЗОРНИЦА","АЦЦ ДИРЕКТ ПРАХ 600МГ Х 10","31211","99","8.69","6.95"
"07079","АФИА ЗОРНИЦА","ВЛ. КЪРПИ LARA x 15 бр. VINTAGE MIX","31213","84","0.26",""
"07079","АФИА ЗОРНИЦА","АЛМИРАЛ ГЕЛ 1,16% 100Г","31255","95","7.60",""
"07079","АФИА ЗОРНИЦА","КСИВОЗАН ТАБЛ. 5МГ Х 10","31346","100","5.21",""
"07079","АФИА ЗОРНИЦА","ОВКО пюре сладък картоф 4+м, 100гр","31432","64","1.02",""
"07079","АФИА ЗОРНИЦА","ОВКО пюре манго с банани 4 м, 190 гр","31433","64","1.14",""
"07079","АФИА ЗОРНИЦА","ОВКО пюре ябълки и моркови 4м, 190гр","31436","64","0.96",""
"07079","АФИА ЗОРНИЦА","ОВКО пюре банан 4м, 190гр","31438","64","1.10",""
"07079","АФИА ЗОРНИЦА","ОВКО пюре манго 4м, 190 гр","31440","64","1.04",""
"07079","АФИА ЗОРНИЦА","ОВКО пюре сливи 4м , 190 гр","31441","64","1.10",""
"07079","АФИА ЗОРНИЦА","ОВКО пюре ябълки и праскови 4м, 190 гр","31442","64","1.15",""
"07079","АФИА ЗОРНИЦА","ОВКО пюре ябълки, кайсии, моркови 4м, 190 гр","31443","64","1.02",""
"07079","АФИА ЗОРНИЦА","ОВКО пюре ябълки, банани и праскови 4м, 190 гр","31444","64","1.10",""
"07079","АФИА ЗОРНИЦА","ОВКО  асорти градински плод 5м, 190 гр","31452","64","1.07",""
"07079","АФИА ЗОРНИЦА","ОВКО пюре тиква с ябълки и моркови 4м, 190гр","31454","64","0.99",""
"07079","АФИА ЗОРНИЦА","ОВКО пюре тиквички с картофи 4м, 190гр","31457","64","1.04",""
"07079","АФИА ЗОРНИЦА","ОВКО мл.каша ябълки и сливи с елда 5м, 190гр","31458","63","1.04",""
"07079","АФИА ЗОРНИЦА","ОВКО мл.каша ябълки, кайсии и овесени ядки 4м, 190гр","31462","63","1.14",""
"07079","АФИА ЗОРНИЦА","ОВКО мл.каша банан, ябълка и бисквити 4м, 190гр","31463","63","1.14",""
"07079","АФИА ЗОРНИЦА","ОВКО мл.каша ябълки,круши и бисквити 4м, 190гр","31464","63","1.14",""
"07079","АФИА ЗОРНИЦА","ОВКО пюре пуешко със зеленчуци 6м, 190гр","31465","64","1.21",""
"07079","АФИА ЗОРНИЦА","ОВКО пюре фин заек и пиле със зеленчуци 6м, 190гр","31467","63","1.53",""
"07079","АФИА ЗОРНИЦА","ОВКО пюре асорти със зеленчуци 4м, 190гр","31468","64","1.02",""
"07079","АФИА ЗОРНИЦА","ОВКО пюре зеленчукова супа с пиле и ориз 6м, 190гр","31469","64","1.26",""
"07079","АФИА ЗОРНИЦА","КЕТОНАЛ КАПС. 50МГ Х 20","31632","94","6.64",""
"07079","АФИА ЗОРНИЦА","ЛАКАЛУТ ПЗ. АНТИ КАРИЕС 75МЛ","32022","81","3.87","2.90"
"07079","АФИА ЗОРНИЦА","НУРОФЕН 7+ за юноши портокал 100мг  дъвч.капс. х 12","32268","94","5.76",""
"07079","АФИА ЗОРНИЦА","АКАРД ТАБЛ. 150МГ Х 30","32390","96","3.37",""
"07079","АФИА ЗОРНИЦА","АКВАФРЕШ паста за зъби fresh&minty  зелена 75ml","32655","81","2.03","1.62"
"07079","АФИА ЗОРНИЦА","МИГ ДЖУНИЪР СИРОП 40МГ/МЛ 100МЛ","32757","94","4.73",""
"07079","АФИА ЗОРНИЦА","АСТЕРА PARODONT ACTIVE ПОМОРИЙСКА ЛУГА п.за зъби 75мл.","32815","81","3.38",""
"07079","АФИА ЗОРНИЦА","ИБУПРОМ НАСТИНКА И ГРИП ЗА ДЕЦА ТАБЛ. 200МГ Х 10","32962","94","3.34",""
"07079","АФИА ЗОРНИЦА","АСТЕРА PARODONT ACTIVE АКТИВЕН ВЪГЛЕН п.за зъби 75мл.","32993","81","3.21",""
"07079","АФИА ЗОРНИЦА","БИОРИПЕЪР ЧЗ SOFT","33066","80","2.61",""
"07079","АФИА ЗОРНИЦА","АНАЛГИН МАКС САШЕ 1000МГ Х 6","33172","96","2.99","2.54"
"07079","АФИА ЗОРНИЦА","ХИП 1 COMBIOTIK адапт.мляко 800г.","33377","65","23.36",""
"07079","АФИА ЗОРНИЦА","ЕЛГИДИУМ ПЗ.мултифункционална 75ml","33411","81","7.21",""
"07079","АФИА ЗОРНИЦА","ЕЛГИДИУМ ПЗ. perioblock  care 75ml","33412","81","7.68",""
"07079","АФИА ЗОРНИЦА","ЕЛГИДИУМ ПЗ.успокояваща за раздразнени венци 75ml","33413","81","7.21",""
"07079","АФИА ЗОРНИЦА","ЛАКАЛУТ ПЗ. АКТИВ & УАЙТ С ЕНЗИМИ 75МЛ","33500","81","4.89",""
"07079","АФИА ЗОРНИЦА","ОВКО пюре зеленчуково 4м , 190 гр","33649","64","1.05",""
"07079","АФИА ЗОРНИЦА","НУРОФЕН лечебен пластир 200mg 2 броя","33678","94","7.40",""
"07079","АФИА ЗОРНИЦА","ИБУПРОМ СПРИНТ МАКС КАПС. 400МГ Х 10","33711","94","4.77",""
"07079","АФИА ЗОРНИЦА","ГЛИМБАКС 0.148 % СПРЕЙ 15ml","33779","95","10.35",""
"07079","АФИА ЗОРНИЦА","ПАРОДОНТАКС паста за зъби herbal 75ml","33794","81","5.46",""
"07079","АФИА ЗОРНИЦА","ПАРОДОНТАКС паста за зъби complete protection  white75ml","33795","81","6.58","4.74"
"07079","АФИА ЗОРНИЦА","ЗЕОЛИТ САПУН 100г.","33945","83","1.77",""
"07079","АФИА ЗОРНИЦА","ЕЛГИДИУМ ПЗ.ДЕТСКА сладка мента 7-12г 50ml","33996","81","5.29",""
"07079","АФИА ЗОРНИЦА","ХИП 2 COMBIOTIK адапт.мляко 800г.","34235","65","23.36",""
"07079","АФИА ЗОРНИЦА","ЧАЙ БЪЗ ЦВЯТ И ЛИМОН  филтър х20 БЧК","34436","72","1.12",""
"07079","АФИА ЗОРНИЦА","ВИТАСИН САПУН с Гераниево масло 70г.","34531","83","1.19",""
"07079","АФИА ЗОРНИЦА","АНАЛГИН МАКС САШЕ 1000МГ Х 20","34552","96","7.99","6.79"
"07079","АФИА ЗОРНИЦА","АПТАМИЛ Comfort 1  Pro Exp 0-6м. 400г","34575","65","13.49",""
"07079","АФИА ЗОРНИЦА","ЕЛГИДИУМ ПЗ.разкриваща плаката 50ml","34576","81","7.06",""
"07079","АФИА ЗОРНИЦА","ЧАЙ ЖЪЛТ КАНТАРИОН ФИЛТЪР Х16","34589","72","1.34",""
"07079","АФИА ЗОРНИЦА","АКВАФРЕШ паста за зъби ACTIVE WHITE 125ml","34623","81","2.69",""
"07079","АФИА ЗОРНИЦА","АКВАФРЕШ паста за зъби деца 9-12 75ml","34624","81","3.52",""
"07079","АФИА ЗОРНИЦА","ЧАЙ ФИЛТЪР AHMAD ЧЕРЕН ЧАЙ СПАЙС X20","34630","72","2.95",""
"07079","АФИА ЗОРНИЦА","АПТАМИЛ Comfort 2  Pro Exp 6+м. 400г","34632","65","13.44",""
"07079","АФИА ЗОРНИЦА","АДАПТ. МЛЯКО ФРИЗОЛАК LF 400ГР","34712","65","11.35",""
"07079","АФИА ЗОРНИЦА","ИБУПРОМ СПРИНТ 200МГ Х10","34772","94","3.92",""
"07079","АФИА ЗОРНИЦА","СТРЕПСИЛС ИНТЕНЗИВ ПОРТОКАЛ таблетки*16","34866","98","5.73",""
"07079","АФИА ЗОРНИЦА","ЧАЙ ЖЪЛТ КАНТАРИОН филтър х 20 БИОПРОГРАМА","34909","72","0.90",""
"07079","АФИА ЗОРНИЦА","ПАНАКТИВ ФОРТЕ СУСП. 200МГ/5МЛ 40МЛ","35058","94","2.83",""
"07079","АФИА ЗОРНИЦА","БЕНАЛГИН РАПИД ПРАХ ЗА ПЕРОР.Р-Р САШЕ Х 10","35202","96","3.92",""
"07079","АФИА ЗОРНИЦА","ЛАКАЛУТ ПЗ.СЕНЗИТИВ & УАЙТ С ЕНЗИМИ 75 МЛ.","35216","81","4.89",""
"07079","АФИА ЗОРНИЦА","СЕНСОДИН паста за зъби sensivity and gum 75ml","35268","81","7.76",""
"07079","АФИА ЗОРНИЦА","КЕТОНАЛ ИНТЕНЗИВ САШЕ 50МГ Х 12","35306","94","7.66",""
"07079","АФИА ЗОРНИЦА","ПЗ ПОМОРИН АКТИВ ПАРОДОНТИТ","35426","81","1.77",""
"07079","АФИА ЗОРНИЦА","ЧАЙ ФИЛТЪР AHMAD ХРАНОСМИЛАНЕ","35651","72","2.85",""
"07079","АФИА ЗОРНИЦА","ЧАЙ ФИЛТЪР AHMAD СЪН","35652","72","2.85",""
"07079","АФИА ЗОРНИЦА","ЕНТЕРОЛ прахчета 250мг.*20","35681","89","13.28",""
"07079","АФИА ЗОРНИЦА","АКВАФРЕШ паста за зъби splash деца 3-8 г.","35790","81","3.52",""
"07079","АФИА ЗОРНИЦА","АДАПТ. МЛЯКО АПТАМИЛ AR2 400ГР","35818","65","13.76",""
"07079","АФИА ЗОРНИЦА","ЕНТЕРОЛ КАПС. 250МГ Х 12","35837","89","6.94",""
"07079","АФИА ЗОРНИЦА","АРОМА САПУН АНТИБАКТЕРИАЛЕН ВЪГЛЕН 90г./ЧИСТО/","35860","83","1.07",""
"07079","АФИА ЗОРНИЦА","ФАРИНГОСЕПТ ТАБЛ. ЗА СМУЧЕНЕ 8,75МГ Х 20","35935","98","4.33",""
"07079","АФИА ЗОРНИЦА","ДИАЛГИН КИДС КАПКИ 500МГ/МЛ 20МЛ","36126","96","4.68",""
"07079","АФИА ЗОРНИЦА","СЛЪНЧО КАША 4мес. ЗЪРНИН М млечна 200г.","36180","63","2.50",""
"07079","АФИА ЗОРНИЦА","СЛЪНЧО КАША 4мес. ПШЕНИЧНО МЛЕЧНА 200г.","36181","63","2.56",""
"07079","АФИА ЗОРНИЦА","СЛЪНЧО КАША 4мес. СЛАДЪК СЪН ОРИЗ МЛЕЧНА безглутенова 200г.","36182","63","2.80",""
"07079","АФИА ЗОРНИЦА","ЛАРА САПУН 375 МЛ. КОКОС","36287","83","1.38",""
"07079","АФИА ЗОРНИЦА","ДАВ сапун РОЗОВ 100g","36301","83","1.31",""
"07079","АФИА ЗОРНИЦА","СЕНСОДИН четка за зъби advanced clean soft","36368","80","4.89",""
"07079","АФИА ЗОРНИЦА","Сапун КРИСПА ЧИСТ ГЛИЦЕРИН+НАР 100ГР","36369","83","1.21",""
"07079","АФИА ЗОРНИЦА","ТЕО БЕБЕ ВЛ.КЪРПИ SENSITIVE 72бр С КАПАК","36475","84","1.56",""
"07079","АФИА ЗОРНИЦА","ЕЛГИДИУМ ПЗ.SENSILEAVE 50 ml","36507","81","7.31",""
"07079","АФИА ЗОРНИЦА","АДАПТ. МЛЯКО НАН КОМФОРТИС 2 800Г","36547","65","19.94",""
"07079","АФИА ЗОРНИЦА","ОКЛИС ФОРТЕ САШЕ 600МГ Х 10","36596","94","6.47",""
"07079","АФИА ЗОРНИЦА","ВЛ. КЪРПИ BABY BEBELAN Сребърна вода х 60","36992","84","1.94",""
"07079","АФИА ЗОРНИЦА","ХИП 3 COMBIOTIK адапт.мляко 500г.","37010","65","12.82",""
"07079","АФИА ЗОРНИЦА","ИБУЛЕК ЗА ДЕЦА СУСП. 100МГ/5МЛ 120МЛ","37116","94","4.06",""
"07079","АФИА ЗОРНИЦА","СТРЕПСИЛС ИНТЕНЗИВ МЕД И ЛИМОН спрей 8.75 mg/dose 15мл","37130","98","8.06",""
"07079","АФИА ЗОРНИЦА","ЧАЙ ЛАЙКА,МЕД И ВАНИЛИЯ  филтър х20 БЧК","37136","72","1.20",""
"07079","АФИА ЗОРНИЦА","ЕНТЕРОЛ caps.250mg x 30","37242","89","15.24",""
"07079","АФИА ЗОРНИЦА","МУКОСОФТ САШЕТА 600МГ Х 10 АДИФАРМ","37406","99","6.12",""
"07079","АФИА ЗОРНИЦА","АНГЕТОП ТАБЛ. 500МГ Х 20","37425","96","1.13",""
"07079","АФИА ЗОРНИЦА","Омалгин, Omalgin перорални капки 500 мг/мл 20 мл","37663","96","3.37",""
"07079","АФИА ЗОРНИЦА","ЕЛГИДИУМ ПЗ. perioblock pro 50ml","37664","81","7.68",""
"07079","АФИА ЗОРНИЦА","ФЛУРБИМЕД МИНТ ТАБЛ. ЗА СМУЧЕНЕ 8,75МГ Х 20","37763","98","5.01",""
"07079","АФИА ЗОРНИЦА","ПАРОДОНТАКС четка за зъби COMPLETE PROTECTION SOFT","37832","80","6.58","4.94"
"07079","АФИА ЗОРНИЦА","ПЗ ПОМОРИН КЛАСИК","37897","81","1.29",""
"07079","АФИА ЗОРНИЦА","ПЗ ПОМОРИН АНТИПАРОДОНТИТ","37898","81","1.29",""
"07079","АФИА ЗОРНИЦА","ЕНТЕРОЛ прахчета 250мг*6","37915","89","4.54",""
"07079","АФИА ЗОРНИЦА","АЦЦ МЕД И ЛИМОН 600МГ САШЕТА Х 10","37930","99","8.69",""
"07079","АФИА ЗОРНИЦА","АКАРД тбл.75мг.х120","37940","96","8.06",""
"07079","АФИА ЗОРНИЦА","ПЗ.БИЛКА дент пародонт избелваща  75ml","37943","81","2.36",""
"07079","АФИА ЗОРНИЦА","НОВАЛАК 1 адапт.мляко кърмач.400гр/0-6м/","38153","65","10.21",""
"07079","АФИА ЗОРНИЦА","НОВАЛАК 2 адапт.мляк кърмач.400гр/6-12м/","38154","65","10.12",""
"07079","АФИА ЗОРНИЦА","НОВАЛАК 3 адапт.мляко преход.400гр/1-3г/","38155","65","9.85",""
"07079","АФИА ЗОРНИЦА","НОВАЛАК AC адапт.мляко колики400г/0-12м/","38156","65","13.12",""
"07079","АФИА ЗОРНИЦА","НОВАЛАК AR адапт.мл повръщане400г/0-12м/","38157","65","11.71",""
"07079","АФИА ЗОРНИЦА","НОВАЛАК IT адапт.мл при запек400г/0-12м/","38158","65","12.04",""
"07079","АФИА ЗОРНИЦА","МИЛОРОФЕН тбл.200мг.х10","38294","94","1.98",""
"07079","АФИА ЗОРНИЦА","ДИКЛОФЛЕКС гел 5% 50г.","38325","95","4.89",""
"07079","АФИА ЗОРНИЦА","АПИВИТА Шампоан за честа употреба 500мл","38464","82","15.61",""
"07079","АФИА ЗОРНИЦА","ЧАЙ Вечерен /лайка , копър , валериана/ 17 пак Yogi Tea","38478","72","4.06",""
"07079","АФИА ЗОРНИЦА","ПАРОДОНТАКС паста за зъби DUO  PACK CLASSIC 2x75ml","38619","81","6.19",""
"07079","АФИА ЗОРНИЦА","НУРОФЕН ЕКСПРЕС ФОРТЕ 400mg меки капсули *20","38658","94","9.69",""
"07079","АФИА ЗОРНИЦА","МУСТЕЛА сапун с колд крем 100г","38694","83","4.05",""
"07079","АФИА ЗОРНИЦА","ЛАКАЛУТ ПЗ. АКТИВ & СЕНЗИТИВ ПАСТА 75 МЛ","38744","81","4.89",""
"07079","АФИА ЗОРНИЦА","NATURE ROSES сапун 75 гр","38969","83","0.77",""
"07079","АФИА ЗОРНИЦА","NATURE ROSES сапун 75 гр бял","38970","83","0.77",""
"07079","АФИА ЗОРНИЦА","АЛЕРГОЗАН 1% КРЕМ 1Г/100ГР 60Г","39040","91","7.65",""
"07079","АФИА ЗОРНИЦА","ПАНАКТИВ BABY супоз.60мг.х5","39186","94","2.45",""
"07079","АФИА ЗОРНИЦА","ПАНАКТИВ BABY супоз.125мг.х5","39187","94","2.77",""
"07079","АФИА ЗОРНИЦА","ПСИЛО-БАЛСАМ ГЕЛ 50ГР","39352","91","8.12",""
"07079","АФИА ЗОРНИЦА","АКВАФРЕШ паста за зъби fresh&minty 50ml","39361","81","1.89","1.51"
"07079","АФИА ЗОРНИЦА","АКВАФРЕШ паста за зъби M&M  125мл","39363","81","2.30",""
"07079","АФИА ЗОРНИЦА","АКВАФРЕШ паста за зъби ACTIVE FRESH 125ml","39364","81","2.69",""
"07079","АФИА ЗОРНИЦА","КУРАПРОКС ПЗ Enzycal Zero 75мл","39624","81","6.43",""
"07079","АФИА ЗОРНИЦА","КУРАПРОКС ПЗ Enzycal 950 75мл","39625","81","6.43",""
"07079","АФИА ЗОРНИЦА","КУРАПРОКС ПЗ Enzycal 1450 75мл","39626","81","7.15",""
"07079","АФИА ЗОРНИЦА","КУРАПРОКС ПЗ [BE YOU] Daydreamer 60 МЛ","39627","81","12.26",""
"07079","АФИА ЗОРНИЦА","КУРАПРОКС ПЗ [BE YOU] Pure happiness  60 МЛ","39628","81","12.26",""
"07079","АФИА ЗОРНИЦА","КУРАПРОКС ПЗ [BE YOU] Explore 60 МЛ","39629","81","12.26",""
"07079","АФИА ЗОРНИЦА","КУРАПРОКС ПЗ [BE YOU] Candy lover 60 МЛ","39630","81","12.26",""
"07079","АФИА ЗОРНИЦА","ЮРИАЖ 1ER BEBE почистващ крем-сапун 100гр.","39661","83","6.69",""
"07079","АФИА ЗОРНИЦА","ВЛ.КЪРПИ EVENT антибакт. алое x15","39743","84","0.40",""
"07079","АФИА ЗОРНИЦА","ВЛ.КЪРПИ EVENT антибакт. невен x15","39744","84","0.40",""
"07079","АФИА ЗОРНИЦА","ВЛ.КЪРПИ EVENT антибакт. лавандула x15","39745","84","0.40",""
"07079","АФИА ЗОРНИЦА","ВЛ.КЪРПИ EVENT антибакт. мандарина x15","39746","84","0.40",""
"07079","АФИА ЗОРНИЦА","ВЛ.КЪРПИ EVENT антибакт. 20% алкохол x15","39747","84","0.49",""
"07079","АФИА ЗОРНИЦА","КУРАПРОКС ПЗ [BE YOU] Challenger  60 МЛ","39837","81","12.26",""
"07079","АФИА ЗОРНИЦА","ВЛ.КЪРПИ PUFIES WW SENSITIVE с капак 64 бр","40048","84","1.94",""
"07079","АФИА ЗОРНИЦА","КЕТАЛГО 50МГ ГРАНУЛИ ЗА ПЕРОРАЛЕН Р-Р В САШЕ Х 6","40084","94","4.35",""
"07079","АФИА ЗОРНИЦА","ОВКО пюре картофи с тиква 4м 190гр","40114","64","1.02",""
"07079","АФИА ЗОРНИЦА","ОВКО меню спагети болонезе 8м+ 220 гр","40115","64","1.48",""
"07079","АФИА ЗОРНИЦА","СЛЪНЧО КАША 6мес. БИСКВИТЕНА млечна с бифидус  200г.","40116","63","2.50",""
"07079","АФИА ЗОРНИЦА","СЛЪНЧО КАША 6мес. млечна ЕЛДА с плодове 200г.","40117","63","2.61",""
"07079","АФИА ЗОРНИЦА","ХИП 1 COMBIOTIK адапт.мляко 350г.","40138","65","11.35",""
"07079","АФИА ЗОРНИЦА","ВЛ.КЪРПИ EVENT антибакт. алое x72","40242","84","1.53",""
"07079","АФИА ЗОРНИЦА","ВЛ.КЪРПИ EVENT антибакт. мандарина x72","40243","84","1.53",""
"07079","АФИА ЗОРНИЦА","ВЛ.КЪРПИ EVENT антибакт. 20% алкохол x60","40244","84","1.64",""
"07079","АФИА ЗОРНИЦА","КУРАПРОКС ПЗ [BE YOU] Rising Star 60 МЛ","40279","81","12.26",""
"07079","АФИА ЗОРНИЦА","АГИВА вл. интимни кърпи","40508","84","0.79",""
"07079","АФИА ЗОРНИЦА","НИЗОРАЛ ШАМПОАН 2% 100МЛ","40549","90","13.69",""
"07079","АФИА ЗОРНИЦА","ВЛ. КЪРПИ PAMPERS sensitive х 52","40636","84","1.53",""
"07079","АФИА ЗОРНИЦА","ФЕЛОРАН ФОРТЕ ГЕЛ 5% 120 ГР СФ","40745","95","8.43","7.17"
"07079","АФИА ЗОРНИЦА","СЕНСОДИН паста за зъби Natural White с активен въглен","40897","81","5.50","3.85"
"07079","АФИА ЗОРНИЦА","БОЧКО ВЛАЖНИ КЪРПИ ПАМУК И ЛАЙКА КАПАК Х 84","40932","84","1.67",""
"07079","АФИА ЗОРНИЦА","ХИП АНТИРЕФЛУКС адапт .мляко 600 гр","41012","65","17.61",""
"07079","АФИА ЗОРНИЦА","ЕЛГИДИУМ ПЗ.ИЗБЕЛВАЩА 50ml","41029","81","5.47",""
"07079","АФИА ЗОРНИЦА","ЛОПЕРАМИД ЕКОФАРМ тбл.2мг.х10","41152","89","2.70",""
"07079","АФИА ЗОРНИЦА","ФЕЛОРАН гел 1% - 120g  Софарма","41160","95","7.58","6.44"
"07079","АФИА ЗОРНИЦА","АКВАФРЕШ паста за зъби naturals mint clean","41284","81","2.30",""
"07079","АФИА ЗОРНИЦА","ЧАЙ ФИТОЛЕК ДЕТОКС Х20","41531","72","2.00",""
"07079","АФИА ЗОРНИЦА","КУРАПРОКС чз CS1560 soft ПРОМО","41636","80","5.50",""
"07079","АФИА ЗОРНИЦА","КСИЗАЛ 0,5МГ/МЛ СИРОП 200МЛ Х 11","41828","100","5.52",""
"07079","АФИА ЗОРНИЦА","ЕЛГИДИУМ ПЗ.ИЗБЕЛВАЩА 100ml  BIO","41852","81","9.20",""
"07079","АФИА ЗОРНИЦА","ЕЛГИДИУМ ПЗ.СЕНЗИТИВ 100ml BIO","41853","81","8.68",""
"07079","АФИА ЗОРНИЦА","АНГАЛ МЕД ТАБЛ. ЗА СМУЧЕНЕ 5МГ/1МГ Х 24","41925","98","7.45",""
"07079","АФИА ЗОРНИЦА","АНГАЛ ЯГОДА ЗА ДЕЦА ТАБЛ. ЗА СМУЧЕНЕ 5МГ/1МГ Х 24","41926","98","7.45",""
"07079","АФИА ЗОРНИЦА","АПТАМИЛ 4 400г ПРОНУТРА","41999","65","10.01",""
"07079","АФИА ЗОРНИЦА","НУРОФЕН ФОРТЕ ТАБЛ.400МГ Х 24","42236","94","8.17",""
"07079","АФИА ЗОРНИЦА","СЛЪНЧО КАША 4мес. ОРИЗОВА безмлечна 180 г","42328","63","2.37",""
"07079","АФИА ЗОРНИЦА","БОЧКО ВЛАЖНИ КЪРПИ ПАМУК И ЛАВАНДУЛА КАПАК Х 84","42347","84","1.67",""
"07079","АФИА ЗОРНИЦА","АПТАМИЛ 1 800г ПРОНУТРА","42367","65","21.16",""
"07079","АФИА ЗОРНИЦА","ЛАКС сол.7.5мг/мл.20мл.","42429","88","4.17",""
"07079","АФИА ЗОРНИЦА","ДРОПЛЕКС 4Г/100Г+1Г/100Г КАПКИ ЗА УШИ Р-Р 15МЛ Х 1","42480","101","4.09",""
"07079","АФИА ЗОРНИЦА","СЛЪНЧО КАША 6мес. ОРИЗОВО МЛЕЧНА С МАНГО,ЯБЪЛКА И БАНАН 200г","42486","63","2.47",""
"07079","АФИА ЗОРНИЦА","ЛАКАЛУТ ПЗ СЕНЗИТИВ ПАСТА 75 МЛ","42491","81","3.87","2.90"
"07079","АФИА ЗОРНИЦА","АПТАМИЛ 2 800г ПРОНУТРА","42492","65","21.16",""
"07079","АФИА ЗОРНИЦА","Сапун КРИСПА БЕБЕ 100 гр","42533","83","0.72",""
"07079","АФИА ЗОРНИЦА","АПТАМИЛ 3 400г ПРОНУТРА","42534","65","10.01",""
"07079","АФИА ЗОРНИЦА","АВЕН XERACALM A.D.СВРЪХОБОГАТЕН САПУН 100г AV","42576","83","9.03","6.59"
"07079","АФИА ЗОРНИЦА","АПТАМИЛ 2 400г ПРОНУТРА","42697","65","10.68",""
"07079","АФИА ЗОРНИЦА","БЕБО ВЛ. КЪРПИЧКИ АЛОЕ ВЕРА 72бр с капак","42708","84","1.57",""
"07079","АФИА ЗОРНИЦА","БЕБО ВЛ. КЪРПИЧКИ ЛАЙКА  72бр с капак","42709","84","1.57",""
"07079","АФИА ЗОРНИЦА","БЕБО ВЛ. КЪРПИЧКИ ЛАВАНДУЛА  90бр с капак","42710","84","1.83",""
"07079","АФИА ЗОРНИЦА","БЕБО ВЛ.КЪРПИЧКИ SENSITIVE 80бр. С НОВ РИДЖИТ","42711","84","1.72",""
"07079","АФИА ЗОРНИЦА","БОЧКО МОКРИ КЪРПИ ПАМУК И СМРАДЛИКА Х 84 КАПАК","42745","84","1.67",""
"07079","АФИА ЗОРНИЦА","АПТАМИЛ 1 400г ПРОНУТРА","42844","65","10.68",""
"07079","АФИА ЗОРНИЦА","Сапун КРИСПА ДОКТОРСКИ 100гр.","42927","83","1.11",""
"07079","АФИА ЗОРНИЦА","ВЛ.КЪРПИ PUFIES WW CLEAN&FRESH  с капак 64 бр","43023","84","1.94",""
"07079","АФИА ЗОРНИЦА","САПУН МИНИ СЪС ЗЕОЛИТ БИОХЕРБА","43057","83","1.40",""
"07079","АФИА ЗОРНИЦА","БЕБО ВЛ.КЪРПИЧКИ МИЦЕЛАРНА ВОДА 64бр. С КАПАК","43128","84","2.08",""
"07079","АФИА ЗОРНИЦА","КСАЛЕРГАН 5МГ/МЛ ПЕРОР. КАПКИ 20МЛ Х 1","43431","100","5.17",""
"07079","АФИА ЗОРНИЦА","ЕЛГИДИУМ ПЗ.ТАЙМЕР ПАСТА ЗА ЗЪБИ 50МЛ.","43434","81","5.88",""
"07079","АФИА ЗОРНИЦА","ОМАЛГИН тбл.500мг.х20","43468","96","1.05",""
"07079","АФИА ЗОРНИЦА","EVENT бебешки кърпи АЛОЕ 20бр","43620","84","0.64",""
"07079","АФИА ЗОРНИЦА","EVENT бебе кърпи АЛОЕ 72","43624","84","1.10",""
"07079","АФИА ЗОРНИЦА","ЛАРА САПУН 375 МЛ. МАЛИНА","43778","83","1.38",""
"07079","АФИА ЗОРНИЦА","ЛАРА САПУН 375 МЛ. ЛАЙМ","43780","83","1.38",""
"07079","АФИА ЗОРНИЦА","САПУН ПРОЛЕТ","43850","83","1.78",""
"07079","АФИА ЗОРНИЦА","ЛАКАЛУТ ПЗ. АКТИВ  ПЛЮС 75мл","43910","81","4.89",""
"07079","АФИА ЗОРНИЦА","ЕЛГИДИУМ ПЗ.ЧУВСТВИТЕЛНИ ВЕНЦИ 100МЛ.BIO","43921","81","8.90",""
"07079","АФИА ЗОРНИЦА","КЕТАЛГО 50МГ ГРАНУЛИ ЗА ПЕРОРАЛЕН Р-Р В САШЕ Х 12","43979","94","6.83",""
"07079","АФИА ЗОРНИЦА","БЕБО ВЛ.КЪРПИЧКИ С 99% ВОДА х 15БР.","44040","84","0.61",""
"07079","АФИА ЗОРНИЦА","БЕБО ULTRA SOFT 80бр. ПЛЪТНИ ВЛ. КЪРПИЧКИ х12","44053","84","1.72",""
"07079","АФИА ЗОРНИЦА","СЛЪНЧО КАША 4мес. БАНАНОВО ЯБЪЛКОВА млечна 200г.","44061","63","2.37",""
"07079","АФИА ЗОРНИЦА","МОКРИ ПОЧИСТВАЩИ КЪРПИ FAMILY СЕПТОНА 100бр с капак","44073","84","1.82",""
"07079","АФИА ЗОРНИЦА","ВЛ. КЪРПИ LARA  ЗА ВЪЗРАСТНИ 50 БР.","44255","84","1.68",""
"07079","АФИА ЗОРНИЦА","ИБУПРОМ СПРИНТ МАКС капс.400мг.х20","44304","94","8.48",""
"07079","АФИА ЗОРНИЦА","ВЛ.КЪРПИ СЕПТОНА  БЕБЕ ЛАЙКА 80бр с капак","44306","84","1.82",""
"07079","АФИА ЗОРНИЦА","ВЛ.КЪРПИ EVENT WC КОКОС 60","44409","84","1.38",""
"07079","АФИА ЗОРНИЦА","ВЛ.КЪРПИ EVENT WC ЛАЙКА 60","44410","84","1.38",""
"07079","АФИА ЗОРНИЦА","ВЛ.КЪРПИ EVENT WC ЛАЙКА КИДС 60","44411","84","1.38",""
"07079","АФИА ЗОРНИЦА","ВЛ.КЪРПИ EVENT WC ПАМУК И АЛОЕ 42","44412","84","1.38",""
"07079","АФИА ЗОРНИЦА","ЧЕРВЕНА БОРОВИНКА филтър х20 FLOSANA","44484","72","1.17",""
"07079","АФИА ЗОРНИЦА","ЧАЙ ЗА СЪРЦЕ филтър х20 Биопрограма","44545","72","1.00",""
"07079","АФИА ЗОРНИЦА","СЕНСОДИН паста за зъби COMPLETE PROTECTION + 75МЛ","44620","81","7.76",""
"07079","АФИА ЗОРНИЦА","АПТАМИЛ 1 800г ЦЕЗАРБИО","44651","65","24.49",""
"07079","АФИА ЗОРНИЦА","АПТАМИЛ 2 800г ЦЕЗАРБИО","44652","65","23.72",""
"07079","АФИА ЗОРНИЦА","КСАЛЕРГАН 5МГ ФИЛМ.ТАБЛ. Х 20","44775","100","8.01",""
"07079","АФИА ЗОРНИЦА","САПУН КРИСПА МЕД+ГЛИЦЕРИН 75Г","44914","83","0.65",""
"07079","АФИА ЗОРНИЦА","ЛАКАЛУТ ПЗ. МУЛТИ ЕФЕКТ ПЛЮС 75МЛ","44939","81","3.87","2.90"
"07079","АФИА ЗОРНИЦА","ВЛ.КЪРПИ EVENT антиб.kids х 15 (сини)","45023","84","0.46",""
"07079","АФИА ЗОРНИЦА","ВЛ.КЪРПИ EVENT антиб.kids х 15(розови)","45024","84","0.46",""
"07079","АФИА ЗОРНИЦА","ДИКЛАК МАКС 5% ГЕЛ 150Г","45076","95","14.82",""
"07079","АФИА ЗОРНИЦА","ЧАЙ БРОНХО ПАМ БУТИКОВА СЕРИЯ филтър х20","45122","72","4.10",""
"07079","АФИА ЗОРНИЦА","СЕНСОДИН паста за зъби sensivity and gum  WHITE 75ml","45138","81","7.76",""
"07079","АФИА ЗОРНИЦА","БОЧКО ВЛАЖНИ КЪРПИ ПАМУК И НЕВЕН КАПАК Х 84","45159","84","1.75",""
"07079","АФИА ЗОРНИЦА","ВЛ.КЪРПИ СЕПТОНА  БЕБЕ АЛОЕ 60бр","45177","84","1.37",""
"07079","АФИА ЗОРНИЦА","ЛАКАЛУТ ПЗ ПЪРФЕКТ УАЙТ 75МЛ","45353","81","3.87","2.90"
"07079","АФИА ЗОРНИЦА","НОВАЛАК RICE AR мляко 400г.","45477","65","15.75",""
"07079","АФИА ЗОРНИЦА","САПУН ЖЕН-ШЕН 60г.","45586","83","0.69",""
"07079","АФИА ЗОРНИЦА","ИБУЛЕК 200МГ САШЕТА Х 10","45604","94","4.39",""
"07079","АФИА ЗОРНИЦА","ВЛ. КЪРПИ LARA x 80 бр. лайка","45709","84","1.17",""
"07079","АФИА ЗОРНИЦА","АКВАФРЕШ паста за зъби All in One Crystal  Whit 100ml","45747","81","2.85",""
"07079","АФИА ЗОРНИЦА","ВЛ. КЪРПИ PAMPERS fresh clean  х 52","45874","84","1.53",""
"07079","АФИА ЗОРНИЦА","АРОМА САПУН ТЕЧЕН WHITE BLOSSOM за чувст.кожа 400мл.+100мл.П","45917","83","1.69",""
"07079","АФИА ЗОРНИЦА","ЧЗ ТРИЗА FOCUS SOFT","45930","80","0.90",""
"07079","АФИА ЗОРНИЦА","ЧЗ ТРИЗА SMILE SOFT /SWISS CLEAN/","45931","80","0.86",""
"07079","АФИА ЗОРНИЦА","ЧАЙ ФИЛТЪР AHMAD СПЕЦ.СЕЛ. БЕЗКОФЕИН x 20","45977","72","3.31",""
"07079","АФИА ЗОРНИЦА","ИБУТОП КРЕМ 100 гр","46049","94","9.14",""
"07079","АФИА ЗОРНИЦА","РЕСПИФОРТИН 600 MG ACETYLCYSTEINE, ЕФ. ТАБЛ. Х 10","46051","99","7.65",""
"07079","АФИА ЗОРНИЦА","СЕНСОДИН паста за зъби антикариес 75ml","46150","81","5.50","3.85"
"07079","АФИА ЗОРНИЦА","ВЛ.КЪРПИ EVENT антибакт. невен x30","46202","84","0.70",""
"07079","АФИА ЗОРНИЦА","ПАРАБОЛ МАКС 400МГ КАПС. Х 10","46205","94","4.48",""
"07079","АФИА ЗОРНИЦА","EVENT бебешки кърпи ВОДА  20бр","46233","84","0.64",""
"07079","АФИА ЗОРНИЦА","EVENT бебешки кърпи ВОДА 60бр","46234","84","1.66",""
"07079","АФИА ЗОРНИЦА","EVENT бебешки кърпи SOFT 3в1  20бр","46235","84","0.61",""
"07079","АФИА ЗОРНИЦА","EVENT бебешки кърпи SOFT 3в1  84бр","46236","84","1.66",""
"07079","АФИА ЗОРНИЦА","НОВАЛАК ALLERNOVA AR 400Г","46248","65","16.18",""
"07079","АФИА ЗОРНИЦА","ТРАКТУС 600МГ ПРАХ ЗА ПЕРОРАЛЕН Р-Р В САШЕ Х 10","46321","99","6.47",""
"07079","АФИА ЗОРНИЦА","СЕНСОДИН паста за зъби PRONAMEL JUNIOR 50ML.","46356","81","4.54",""
"07079","АФИА ЗОРНИЦА","АНАЛГИН ТАБЛ.500МГ Х 30","46420","96","2.29",""
"07079","АФИА ЗОРНИЦА","ИБУПРОМ ФОРТЕ 400МГ ФИЛМ.ТАБЛ. Х 12","46531","94","3.53",""
"07079","АФИА ЗОРНИЦА","БЕБО ВЛ. КЪРПИЧКИ ЛАЙКА  15бр","46594","84","0.46",""
"07079","АФИА ЗОРНИЦА","ТЕО БЕБЕ МОКРИ КЪРПИЧКИ ЛАВАНДУЛА 72 бр","46841","84","1.56",""
"07079","АФИА ЗОРНИЦА","ВЛ.КЪРПИ PALOMITA БЕБЕ 72+28 С КАПАК","46845","84","1.52",""
"07079","АФИА ЗОРНИЦА","ВЛ. КЪРПИ BABY BEBELAN 99.6% вода х 64","46924","84","1.89",""
"07079","АФИА ЗОРНИЦА","ДИКЛАК 12 ЧАСА 23,2 мг/г гел 50гр","46946","95","8.58",""
"07079","АФИА ЗОРНИЦА","ДИКЛАК 12 ЧАСА 2.32% мг/г 100гр","47003","95","11.74",""
"07079","АФИА ЗОРНИЦА","ЧАЙ ЧЕРЕН ФИЛТЪР Х20 БИОПРОГРАМА","37135","72","0.80",""
"07079","АФИА ЗОРНИЦА","ВЛ.КЪРПИ EVENT антибакт. невен x140","47097","84","2.05",""
"07079","АФИА ЗОРНИЦА","БУСКОЛИЗИН обв. тб. 10мг х 30","47308","87","3.99","3.39"
"07079","АФИА ЗОРНИЦА","ЕЛГИДИУМ ПЗ.DECAY PROTECTION  АНТИКАРИЕС 75ml","47347","81","7.21",""
"07079","АФИА ЗОРНИЦА","ОЛИНТ DUO наз.спрей 1мг/мл.+50мг/мл.10мл.","47405","97","6.12",""
"07079","АФИА ЗОРНИЦА","ВЛ.КЪРПИ EVENT антибакт. лайка x72","47433","84","1.10",""
"07079","АФИА ЗОРНИЦА","АГИВА Гъба за баня сапун на перли Лайм FRUIT SALAD","47434","83","2.50",""
"07079","АФИА ЗОРНИЦА","ОРОФАР ИНТЕНС 8,75МГ/ДОЗА СПРЕЙ 15МЛ","47436","98","7.65",""
"07079","АФИА ЗОРНИЦА","ВЛ.КЪРПИ EVENT бебешки лайка x72","47437","84","1.10",""
"07079","АФИА ЗОРНИЦА","ПЗ.БИЛКА МЕД 75 МЛ.","47443","81","2.36",""
"07079","АФИА ЗОРНИЦА","САПУН EvBABY VIT.F 90г","47483","83","0.61",""
"07079","АФИА ЗОРНИЦА","ДУЛКОЛАКС 10МГ СУПОЗИТОРИИ Х6","47553","88","5.86",""
"07079","АФИА ЗОРНИЦА","БЕБО ВЛ.КЪРПИЧКИ НОВОРОДЕНО  64бр. С КАПАК","47635","84","1.82",""
"07079","АФИА ЗОРНИЦА","СЕНСОДИН паста за зъби CLINICAL REPAIR 75ML","47644","81","7.76",""
"07079","АФИА ЗОРНИЦА","ДЕВА DNB ШАМПОАН ХИНИН + АРГАН 500МЛ.","47849","82","2.19",""
"07079","АФИА ЗОРНИЦА","АРОМА ШАМПОАН НАТУРАЛ АЛОЕ МЛЯКО 400мл.","47852","82","2.03",""
"07079","АФИА ЗОРНИЦА","СЕНСОДИН паста за зъби PRONAMEL KIDS 2-6 50ML.","47904","81","4.54",""
"07079","АФИА ЗОРНИЦА","ЧАЙ СЕНА АФИА  филтър","48050","72","1.99",""
"07079","АФИА ЗОРНИЦА","ЧАЙ ЛАЙКА АФИА  филтър","48051","72","1.99",""
"07079","АФИА ЗОРНИЦА","ЧАЙ ДЕТОКС И ИМУНИТЕТ АФИА  филтър","48052","72","1.99",""
"07079","АФИА ЗОРНИЦА","ЧАЙ СЛАБИТЕЛЕН АФИА  филтър","48053","72","1.99",""
"07079","АФИА ЗОРНИЦА","ВОЛТАРЕН 140МГ ЛЕЧЕБЕН ПЛАСТИР Х 5","48138","95","17.36","13.89"
"07079","АФИА ЗОРНИЦА","ВЛ. КЪРПИ LARA АКВА 99,5% БИОРАЗГР. x 72 БР.","48158","84","1.69",""
"07079","АФИА ЗОРНИЦА","ХИП 4 КОМБ.МЛ.МАЛКИ ДЕЦА 500 ГР.","48182","65","12.08",""
"07079","АФИА ЗОРНИЦА","АВЕН CLEANANCE ПОЧИСТВАЩ САПУН 100ГР. AV","48307","83","7.63","5.57"
"07079","АФИА ЗОРНИЦА","СТРЕПСИЛС ИНТЕНЗИВ МЕД И ЕВКАЛИПТ ТАБЛ. Х 16","48369","98","5.73",""
"07079","АФИА ЗОРНИЦА","КЕТАЛГО 25мг 10 табл.","48378","94","5.14",""
"07079","АФИА ЗОРНИЦА","АКВАФРЕШ паста за зъби PLUS VISIBLE WHITE 75МЛ.","48413","81","2.81","2.11"
"07079","АФИА ЗОРНИЦА","АКВАФРЕШ паста за зъби PLUS FRESH FEEL 75МЛ.","48414","81","2.81","2.11"
"07079","АФИА ЗОРНИЦА","СЕНСОДИН паста за зъбиЗ REPAIR & PROTECT WHITENING 75ML","48480","81","7.76",""
"07079","АФИА ЗОРНИЦА","СЕНСОДИН паста за зъби CLINICAL REPAIR WHITE 75ML","48481","81","7.76",""
"07079","АФИА ЗОРНИЦА","СЕНСОДИН паста за зъби COMPLETE PROTECTION WHITE 75ML","48482","81","7.76",""
"07079","АФИА ЗОРНИЦА","ВЛ. КЪРПИ BABY BEBELAN ЛАЙКА+АЛОЕ с капак х 64","48486","84","1.53",""
"07079","АФИА ЗОРНИЦА","ВЛ. КЪРПИ BABY BEBELAN СМРАДЛИКА+ЛАЙКА с капак х 64","48487","84","1.53",""
"07079","АФИА ЗОРНИЦА","АКВАФРЕШ паста за зъби mild &minti 125 ml.","48514","81","2.69",""
"07079","АФИА ЗОРНИЦА","БИЛКА НЕВЕН ШАМПОАН ЗА КОСА 400МЛ.","48554","82","3.33",""
"07079","АФИА ЗОРНИЦА","МУСТЕЛА МОКРИ КЪРПИЧКИ С ВОДА БЕЗ ПАРФЮМ Х 60","48570","84","5.92",""
"07079","АФИА ЗОРНИЦА","ЕЛГИДИУМ ЧЗ 4в1 S","48692","80","10.46",""
"07079","АФИА ЗОРНИЦА","ЛАКСАКОДИЛ 5МГ СУ ТАБЛ. Х 30","48727","88","2.21",""
"07079","АФИА ЗОРНИЦА","НОВАЛАК 1 адапт.мляк кърмач. 800г./0-6мес./","48740","65","19.44",""
"07079","АФИА ЗОРНИЦА","ОКЛИС ЕКСПРЕС 400 мг x 10 сашети","48782","94","5.71",""
"07079","АФИА ЗОРНИЦА","ЕНТЕРОЛ ФОРТЕ саше 500мг х 10","49046","89","9.82",""
"07079","АФИА ЗОРНИЦА","ОКЛИС ЕКСПРЕС 400 мг x 20 сашети","49081","94","9.53",""
"07079","АФИА ЗОРНИЦА","НУРОФЕН ЕКСПРЕС ФОРТЕ КОМПАКТ 400МГ КАПС. Х 10","49172","94","6.12",""
"07079","АФИА ЗОРНИЦА","НУРОФЕН ЕКСПРЕС ФОРТЕ КОМПАКТ 400МГ КАПС. Х 20","49173","94","10.67",""
"07079","АФИА ЗОРНИЦА","АКВАФРЕШ паста за зъби DEEP CLEAN WHITE RENEW 75ML","49246","81","3.52","2.64"
"07079","АФИА ЗОРНИЦА","GERBER КАША МАНГО БАНАН 240ГР.","49265","63","3.79",""
"07079","АФИА ЗОРНИЦА","GERBER КАША ЙОГ.БАН.КРУША 240ГР","49266","63","3.79",""
"07079","АФИА ЗОРНИЦА","GERBER 2929 ПЮРЕ СУПА КАРФИОЛ И ЗАЕК 190","49272","64","1.74",""
"07079","АФИА ЗОРНИЦА","GERBER 7214 ПЮРЕ ЗЕЛЕНЧ. С ТЕЛЕШКО И МАКАРОНИ 190ГР","49273","64","1.74",""
"07079","АФИА ЗОРНИЦА","GERBER 7889 ПЮРЕ РИЗОТО ПУЙКА ЗЕЛ. 250ГР","49274","64","2.20",""
"07079","АФИА ЗОРНИЦА","АДАПТ. МЛЯКО NAN 1 OPTIPRO 400ГР","49280","65","12.59",""
"07079","АФИА ЗОРНИЦА","АДАПТ. МЛЯКО NAN 2 OPTIPRO 400ГР","49281","65","12.57",""
"07079","АФИА ЗОРНИЦА","АДАПТ. МЛЯКО NAN 3 OPTIPRO 400ГР","49282","65","10.38",""
"07079","АФИА ЗОРНИЦА","АДАПТ. МЛЯКО NAN COMFORT 400ГР","49283","65","15.08",""
"07079","АФИА ЗОРНИЦА","ПАРАБОЛ МАКС 400МГ КАПС. Х 20","49296","94","8.63",""
"07079","АФИА ЗОРНИЦА","НОВАЛАК 2 адапт.мляк кърмач. 800г./6-12мес./","49320","65","18.78",""
"07079","АФИА ЗОРНИЦА","ОТОФИКС 40МГ/Г + 10МГ/Г КАПКИ ЗА УШИ 15МЛ Х 1","49354","101","3.88",""
"07079","АФИА ЗОРНИЦА","СЕНСОДИН паста за зъби CAVITY  75ml","49375","81","5.10",""
"07079","АФИА ЗОРНИЦА","ХИП 1 ORGANIC АДАПТ. МЛЯКО 600ГР.","49423","65","13.63",""
"07079","АФИА ЗОРНИЦА","ХИП 2 ORGANIC АДАПТ. МЛЯКО 600ГР.","49424","65","13.63",""
"07079","АФИА ЗОРНИЦА","СЕНСОДИН паста за зъби CAVITY + SENSITIVITY 75ml","49449","81","5.10",""
"07079","АФИА ЗОРНИЦА","ЕФИЗОЛ ИНТЕНЗ 8,75МГ ТАБЛ. ЗА СМУЧЕНЕ Х 24","49588","98","6.39","5.56"
"07079","АФИА ЗОРНИЦА","НОВАЛАК AR ДАЙДЖЕСТ+ АДАПТИР.МЛЯКО 400гр","49605","65","14.85",""
"07079","АФИА ЗОРНИЦА","ЧАЙ С ЛАЙКА И АНАСОН БИО 20 ФИЛ.ПАК./MANZANILLA","49697","72","3.13",""
"07079","АФИА ЗОРНИЦА","КУРАПРОКС ПЗ Enzycal 950;  10 ml","49711","81","2.39",""
"07079","АФИА ЗОРНИЦА","МОБИЛАТ ЕМУЛГЕЛ 2,32% ГЕЛ 180Г Х 1","49715","95","19.10",""
"07079","АФИА ЗОРНИЦА","АРОМА ШАМПОАН НАТУРАЛ ЯЙЧЕН 400мл.","49799","82","1.86",""
"36525","АФИА КАРНОБАТ","ГЕЛОМИРТОЛ ФОРТЕ КАПС.300МГ Х 20","1336","99","8.64",""
"36525","АФИА КАРНОБАТ","АЦЦ 200 ПРАХЧЕТА 200МГ Х 20","1338","99","6.97",""
"36525","АФИА КАРНОБАТ","АЦЕТИЗАЛ  ТАБЛ. 500МГ Х 20 АК","1747","96","1.40",""
"36525","АФИА КАРНОБАТ","АЛКА-ЗЕЛЦЕР ЕФ.ТАБЛ. 324МГ Х 10","1750","96","3.02",""
"36525","АФИА КАРНОБАТ","БЕНАЛГИН ТАБЛ. Х 20","1767","96","2.86",""
"36525","АФИА КАРНОБАТ","АЛЕРГОЗАН ДРАЖ. 25МГ Х 20","1896","91","3.71",""
"36525","АФИА КАРНОБАТ","АЛМАГЕЛ СУСП. 170МЛ","2036","86","2.55",""
"36525","АФИА КАРНОБАТ","БИЗАКОДИЛ СУПОЗ. 10МГ Х 6","2041","88","3.15",""
"36525","АФИА КАРНОБАТ","БИЗАЛАКС ТАБЛ. 5 МГ Х 30","2043","88","2.44",""
"36525","АФИА КАРНОБАТ","ФЕНОЛАКС ДРАЖ. 5МГ Х 30","2069","88","1.72",""
"36525","АФИА КАРНОБАТ","ИМОДИУМ КАПС. 2МГ Х 6","2078","89","3.51",""
"36525","АФИА КАРНОБАТ","СПАЗМАЛГОН ТАБЛ. Х 20","2096","87","3.82","3.63"
"36525","АФИА КАРНОБАТ","ТАЛЦИД ТАБЛ. 500МГ Х 20","2099","86","4.19",""
"36525","АФИА КАРНОБАТ","ОТИПАКС СОЛ. 15МЛ","2273","101","3.98",""
"36525","АФИА КАРНОБАТ","ИБУТОП ГЕЛ 50ГР","2322","94","5.56",""
"36525","АФИА КАРНОБАТ","РЕПАРИЛ ГЕЛ N 40Г","2341","95","6.12",""
"36525","АФИА КАРНОБАТ","ВОЛТАРЕН ЕМУЛГЕЛ 1,16% 50ГР","2348","95","6.32","4.99"
"36525","АФИА КАРНОБАТ","АЛЕРГОЗАН КРЕМ 18Г","2359","91","4.03",""
"36525","АФИА КАРНОБАТ","АЛЕРГОЗАН УНГВ. 18Г","2360","91","4.02",""
"36525","АФИА КАРНОБАТ","ЕКЗОДЕРИЛ 1%  КРЕМ 15ГР","2409","90","6.08",""
"36525","АФИА КАРНОБАТ","ЕКЗОДЕРИЛ 1%  СОЛ. 10МЛ","2410","90","7.51",""
"36525","АФИА КАРНОБАТ","ЙОДАСЕПТ УНГВ. 90Г","2430","92","4.60",""
"36525","АФИА КАРНОБАТ","ЧАЙ САНИЕ СВЕТЛОЗЕЛЕН ФИЛТЪР Х 30TNT21","3089","72","3.54",""
"36525","АФИА КАРНОБАТ","ЧАЙ УСПОКОИТЕЛЕН ФИЛТЪР 1,5ГР Х 20 ЕВЕЛИН","3090","72","2.25",""
"36525","АФИА КАРНОБАТ","ЧАЙ БЕБЕЗАН ФИЛТЪР 1,5ГР Х 20 ЕВЕЛИН","3098","72","2.27",""
"36525","АФИА КАРНОБАТ","ЧАЙ БРОНХОЛИН ФИЛТЪР Х 20 ЕВЕЛИН","3100","72","2.20",""
"36525","АФИА КАРНОБАТ","АДАПТ. МЛЯКО ФРИЗОВОМ 400ГР","3115","65","12.37",""
"36525","АФИА КАРНОБАТ","АДАПТ. МЛЯКО ФРИЗОЛАК 1 400ГР + ЛЪЖИЧКА","3118","65","9.28",""
"36525","АФИА КАРНОБАТ","ЛАКАЛУТ ПЗ. АКТИВ 75мл","3429","81","3.87","2.90"
"36525","АФИА КАРНОБАТ","АКВАФРЕШ паста за зъби детска 3-5 години little teeth","3433","81","3.52",""
"36525","АФИА КАРНОБАТ","АДАПТ. МЛЯКО НАН НА 400Г 0-12 МЕСЕЦА","3638","65","13.29",""
"36525","АФИА КАРНОБАТ","АКВАФРЕШ паста за зъби fresh&minty125ml синя","3930","81","2.69",""
"36525","АФИА КАРНОБАТ","АНАЛГИН ТАБЛ. 500МГ 2 Х 10 СФ","4202","96","1.67",""
"36525","АФИА КАРНОБАТ","ПАРОДОНТАКС паста за зъби F 75МЛ","4271","81","5.46",""
"36525","АФИА КАРНОБАТ","ТРОМБО ASS 100МГ Х 30 ГЕРОТ","4322","96","1.38",""
"36525","АФИА КАРНОБАТ","ДИКЛАК МАКС ГЕЛ 5% 50Г","4407","95","7.15",""
"36525","АФИА КАРНОБАТ","ЛОПЕДИУМ КАПС. 2МГ Х 10","4440","89","3.56",""
"36525","АФИА КАРНОБАТ","МИРТОЛ КАПС.120МГ Х 20","4966","99","4.80",""
"36525","АФИА КАРНОБАТ","ЕЛГИДИУМ ПЗ.АНТИПЛАКА 75ml","5207","81","6.53",""
"36525","АФИА КАРНОБАТ","НУРОФЕН ТАБЛ. 200МГ Х 12","5237","94","3.39",""
"36525","АФИА КАРНОБАТ","ЕЛГИДИУМ ПЗ.ИЗБЕЛВАЩА 75ml","5605","81","7.21",""
"36525","АФИА КАРНОБАТ","ДАВ сапун exfoliating 100g","5666","83","1.31",""
"36525","АФИА КАРНОБАТ","НУРОФЕН СУСП. 100МГ/5МЛ 100МЛ /ПОРТОКАЛ/","5803","94","4.54",""
"36525","АФИА КАРНОБАТ","ДАВ сапун original cream bar 100g","5857","83","1.73",""
"36525","АФИА КАРНОБАТ","ЕУСЕРИН ph5.5 сапун за чувств.кожа","6078","83","4.08",""
"36525","АФИА КАРНОБАТ","КСИЗАЛ ТАБЛ. 5МГ Х 20","6448","100","11.23",""
"36525","АФИА КАРНОБАТ","КСИЗАЛ ТАБЛ. 5МГ Х 7","6502","100","4.49",""
"36525","АФИА КАРНОБАТ","ПСИЛО-БАЛСАМ ГЕЛ 20ГР","6551","91","5.93",""
"36525","АФИА КАРНОБАТ","АСПИРИН ПРОТЕКТ ТАБЛ. 100МГ Х 40","6576","96","3.06",""
"36525","АФИА КАРНОБАТ","ПАРОДОНТАКС паста за зъби КЛАСИК /БЕЗ ФЛУОРИД/ 75МЛ","7138","81","5.46",""
"36525","АФИА КАРНОБАТ","КАЛМАБЕН ТАБЛ. Х 10","7500","91","3.13",""
"36525","АФИА КАРНОБАТ","МУКОНАЗАЛ ПЛЮС СПРЕЙ 10МЛ","7593","97","6.43",""
"36525","АФИА КАРНОБАТ","КАЛМАБЕН ТАБЛ. Х 20","7600","91","5.52",""
"36525","АФИА КАРНОБАТ","АКВАФРЕШ четка за зъби standart family","8489","80","0.96",""
"36525","АФИА КАРНОБАТ","ХЕКСАЛГИН СОЛ.500МГ/МЛ 20МЛ","8491","96","5.31",""
"36525","АФИА КАРНОБАТ","КЕТОЗАЛ ШАМПОАН 2% 60МЛ   Х","8533","90","7.11","6.40"
"36525","АФИА КАРНОБАТ","НУРОФЕН ФОРТЕ ТАБЛ.400МГ Х 12","8703","94","4.59",""
"36525","АФИА КАРНОБАТ","СТРЕПСИЛС ИНТЕНЗИВ ТАБЛ. Х 16","9302","98","5.57",""
"36525","АФИА КАРНОБАТ","ДИАЛГИН САШЕТИ 1000МГ Х 20 ХИМАКС","9395","96","7.37",""
"36525","АФИА КАРНОБАТ","ЕЛГИДИУМ ЧЗ.КЛИНИК антиплака S","9696","80","5.95",""
"36525","АФИА КАРНОБАТ","ДАВ сапун fresh touch 100g","9715","83","1.31",""
"36525","АФИА КАРНОБАТ","АДАПТ. МЛЯКО ФРИЗО 3 400Г","9775","65","8.10",""
"36525","АФИА КАРНОБАТ","ЧАЙ ЗА ДИАБЕТИЦИ С КАНЕЛА Ф.20 БИОПРОГРАМА","10065","72","1.00",""
"36525","АФИА КАРНОБАТ","ДУЛКОЛАКС ПИКО КАПКИ 7,5МГ 15МЛ","10072","88","5.86",""
"36525","АФИА КАРНОБАТ","ЛАКАЛУТ ПЗ. ИЗБЕЛВАЩА 75МЛ","10221","81","3.87","2.90"
"36525","АФИА КАРНОБАТ","НУРОФЕН СУСП. 100МГ/5МЛ 100МЛ /ЯГОДА/","10248","94","4.54",""
"36525","АФИА КАРНОБАТ","БОЧКО САПУН СМРАДЛИКА 75ГР.","10384","83","0.99",""
"36525","АФИА КАРНОБАТ","ФАМОТИДИН АЛКАЛОИД ТАБЛ. 20МГ Х 20","10842","86","0.97",""
"36525","АФИА КАРНОБАТ","ВОЛТАРЕН ЕМУЛГЕЛ 1,16% 100ГР","10916","95","10.16","7.99"
"36525","АФИА КАРНОБАТ","ДИАРОСТАД КАПС. x 10","11014","89","3.36",""
"36525","АФИА КАРНОБАТ","АКВАФРЕШ четка за зъби DUO clean & flex MEDIUM","11125","80","2.69",""
"36525","АФИА КАРНОБАТ","СТОПЕРАН КАПС.2МГ Х 8","11131","89","3.27",""
"36525","АФИА КАРНОБАТ","ЧАЙ ПРИ ГРИП И ПРОСТУДА/СТУД И ЗИМА БИПРОГРАМА","11229","72","1.00",""
"36525","АФИА КАРНОБАТ","БИОТРЕЙД  АКНЕ АУТ САПУН 100Г","12382","83","6.12",""
"36525","АФИА КАРНОБАТ","БЕНАЛГИН ТАБЛ. Х 10","12604","96","1.70",""
"36525","АФИА КАРНОБАТ","ДЕРМОДРИН МАЗ 30ГР","12712","91","3.98",""
"36525","АФИА КАРНОБАТ","НИЯ САПУН КАТРАНЕН 60ГР","12713","83","0.69",""
"36525","АФИА КАРНОБАТ","НИЯ САПУН СЕРЕН 60ГР","12714","83","0.69",""
"36525","АФИА КАРНОБАТ","КСИЗАЛ СОЛ. 5МГ/МЛ 20МЛ","12842","100","5.50",""
"36525","АФИА КАРНОБАТ","НАЗИК НАЗ.СПРЕЙ ЗА ДЕЦА 10МЛ","12996","97","4.74",""
"36525","АФИА КАРНОБАТ","ЗЕНАРО ТАБЛ. 5МГ Х 7","13003","100","3.57",""
"36525","АФИА КАРНОБАТ","МИГ-400 ТАБЛ. 400МГ Х 10","13010","94","2.54",""
"36525","АФИА КАРНОБАТ","ДИКЛАК МАКС ГЕЛ 5% 100Г","13113","95","8.94",""
"36525","АФИА КАРНОБАТ","ПАРОДОНТАКС паста за зъби WHITENING 75МЛ","13119","81","5.46",""
"36525","АФИА КАРНОБАТ","ПРОАЛГИН ТАБЛ. 500МГ Х 20","13407","96","1.28",""
"36525","АФИА КАРНОБАТ","ФЕЛОРАН гел 1% - 60g  Софарма","13428","95","4.29","3.65"
"36525","АФИА КАРНОБАТ","НАЗИК НАЗ.СПРЕЙ 10МЛ","13740","97","6.48",""
"36525","АФИА КАРНОБАТ","АКВАФРЕШ паста за зъби junior 6+ 50ml","13940","81","3.52",""
"36525","АФИА КАРНОБАТ","РУВЕКСИН ТАБЛ. 325МГ Х 100","13945","96","2.96",""
"36525","АФИА КАРНОБАТ","АДАПТ. МЛЯКО НАН ОПТИПРО 1 800Г","14239","65","22.85",""
"36525","АФИА КАРНОБАТ","ЧАЙ БРОНХО ПАМ С ЕХИНАЦЕЯ /ЗЕЛЕН/ ФИЛТЪР Х 30","14306","72","3.63",""
"36525","АФИА КАРНОБАТ","АСТЕРА PARODONT ACTIVE п.за зъби 75мл.","14726","81","3.21",""
"36525","АФИА КАРНОБАТ","ПЗ.БИЛКА дент пародонт експерт 75ml","14893","81","2.36",""
"36525","АФИА КАРНОБАТ","АНАЛГИН ХИН ТАБЛ. 250МГ Х 10","15006","96","1.89",""
"36525","АФИА КАРНОБАТ","ИМОМЕД ТАБЛ. 2МГ Х 10","15176","89","2.68",""
"36525","АФИА КАРНОБАТ","СИАФЕН СУСП.100МГ/5МЛ 120МЛ","15215","94","3.61",""
"36525","АФИА КАРНОБАТ","ДИКЛАК ГЕЛ 1% 50Г","15243","95","6.13",""
"36525","АФИА КАРНОБАТ","ЛАКАЛУТ ЧЗ. АКТИВ","15427","80","3.87","2.90"
"36525","АФИА КАРНОБАТ","КАФЕТИН МЕНСТРУАЛ ТАБЛ. 200МГ  Х 10","15432","94","3.26",""
"36525","АФИА КАРНОБАТ","НУРОФЕН ЕКСПРЕС КАПС. 200МГ Х 10","15451","94","4.59",""
"36525","АФИА КАРНОБАТ","ДАВ сапун men fresh 100g","15469","83","1.31",""
"36525","АФИА КАРНОБАТ","АЦЕТИЗАЛ КАРДИО ТАБЛ. 100МГ Х 30","15483","96","1.99",""
"36525","АФИА КАРНОБАТ","ЕЛГИДИУМ ПЗ. brilliance /за интенз.избелване/","15549","81","8.48",""
"36525","АФИА КАРНОБАТ","ЕЛГИДИУМ ПЗ.ДЕТСКА bubbles 7-12г 50ml","15613","81","5.09",""
"36525","АФИА КАРНОБАТ","ЕЛГИДИУМ ПЗ.ДЕТСКА г.плодове 50ml","15614","81","5.09",""
"36525","АФИА КАРНОБАТ","НИЯ САПУН С ХУМА 60ГР","15629","83","0.69",""
"36525","АФИА КАРНОБАТ","НУРОФЕН ТАБЛ. 200МГ Х 24","15634","94","5.78",""
"36525","АФИА КАРНОБАТ","ЙОДАСЕПТ УНГВ. 40Г","15692","92","3.05",""
"36525","АФИА КАРНОБАТ","ЧАЙ ФИТОЛЕК ГИНКО Х20","15693","72","2.00",""
"36525","АФИА КАРНОБАТ","ЧАЙ ФИТОЛЕК ЕЛЕГАНС Х20","15695","72","2.00",""
"36525","АФИА КАРНОБАТ","ЧАЙ ФИТОЛЕК ИМУНО Х20","15696","72","2.00",""
"36525","АФИА КАРНОБАТ","ЧАЙ ФИТОЛЕК КАРДИО Х20","15697","72","2.00",""
"36525","АФИА КАРНОБАТ","ЧАЙ ФИТОЛЕК ПРОСТАТА Х 20","15699","72","2.00",""
"36525","АФИА КАРНОБАТ","ЧАЙ ФИТОЛЕК РЕЛАКС Х 20","15700","72","2.00",""
"36525","АФИА КАРНОБАТ","ЧАЙ ФИТОЛЕК СЛАБИТЕЛЕН Х 20","15701","72","2.00",""
"36525","АФИА КАРНОБАТ","ЧАЙ ФИТОЛЕК УРО Х20","15702","72","2.00",""
"36525","АФИА КАРНОБАТ","ЧАЙ ФИТОЛЕК ФАРИНГО Х 20","15703","72","2.00",""
"36525","АФИА КАРНОБАТ","ДУЛКОЛАКС ТАБЛ. 5МГ Х 30","15745","88","5.86",""
"36525","АФИА КАРНОБАТ","ЧАЙ МЕЧО ГРОЗДЕ ФИЛТЪР Х 20 БИОПРОГРАМА","15811","72","1.00",""
"36525","АФИА КАРНОБАТ","ДИАЛГИН ДЖУНИЪР САШЕ 250МГ Х 5 ХИМАКС","16102","96","1.89",""
"36525","АФИА КАРНОБАТ","ГЛИМБАКС ОРАЛ 200МЛ","16307","95","9.36",""
"36525","АФИА КАРНОБАТ","ДАВ сапун supreme creme oil  100г","16326","83","1.31",""
"36525","АФИА КАРНОБАТ","АЦЕТИЗАЛ КАРДИО ТАБЛ. 100МГ Х 100","16331","96","5.99",""
"36525","АФИА КАРНОБАТ","СЕНСОДИН паста за зъби REPAIR 75ml","16533","81","7.76",""
"36525","АФИА КАРНОБАТ","МИГ ЗА ДЕЦА СИРОП 20МГ/МЛ 100МЛ","16551","94","3.76",""
"36525","АФИА КАРНОБАТ","АЦЕТИЗАЛ КАРДИО ТАБЛ. 75МГ Х 100","16734","96","4.73",""
"36525","АФИА КАРНОБАТ","БОЧКО САПУН ЛАЙКА 75ГР","16793","83","0.99",""
"36525","АФИА КАРНОБАТ","АПИРИ ТАБЛ. 100МГ Х 30","16840","96","1.93",""
"36525","АФИА КАРНОБАТ","ЕЛГИДИУМ ПЗ.СЕНЗИТИВ 75ml","16988","81","6.63",""
"36525","АФИА КАРНОБАТ","ВОЛТАРЕН ФОРТЕ ГЕЛ 2,32% 50ГР","17051","95","8.96","6.99"
"36525","АФИА КАРНОБАТ","ЧАЙ БАБИНИ ЗЪБИ ФИЛТЪР Х 20 БИОПРОГРАМА","17074","72","1.19",""
"36525","АФИА КАРНОБАТ","ЛАКАЛУТ ПЗ. УАЙТ И РИПЕЪР 75МЛ","17078","81","4.89","3.67"
"36525","АФИА КАРНОБАТ","ДИАЛГИН САШЕТИ 500МГ Х 20 ХИМАКС","17543","96","6.77",""
"36525","АФИА КАРНОБАТ","ОТИРЕЛАКС СОЛ. 15МЛ","17705","101","4.06",""
"36525","АФИА КАРНОБАТ","АДАПТ. МЛЯКО ФРИЗОЛАК 2  400ГР + ЛЪЖИЧКА","17765","65","9.08",""
"36525","АФИА КАРНОБАТ","АКВАФРЕШ паста за зъби fresh&minty  синя 75ml","17840","81","2.03","1.62"
"36525","АФИА КАРНОБАТ","ЛАКАЛУТ ПЗ. АКТИВ ХЕРБАЛ 75МЛ","17989","81","3.87","2.90"
"36525","АФИА КАРНОБАТ","ПАРОДОНТАКС паста за зъби EXTRA FRESH 75МЛ","18011","81","5.46",""
"36525","АФИА КАРНОБАТ","ЕЛГИДИУМ ПЗ.ДЕТСКА свежа ягода 50ml","18223","81","5.09",""
"36525","АФИА КАРНОБАТ","ЧАЙ ФИТОЛЕК ГАСТРО Х20","18338","72","2.00",""
"36525","АФИА КАРНОБАТ","ЕЛГИДИУМ ПЗ.АНТИКАРИЕС 75ml","18398","81","6.07",""
"36525","АФИА КАРНОБАТ","СЕНСОДИН паста за зъби PROTECT&REPAIR WHITENING 75МЛ","18419","81","6.80",""
"36525","АФИА КАРНОБАТ","НУРОФЕН ЕКСПРЕС ФОРТЕ КАПС. 400МГ Х 10","18430","94","5.43",""
"36525","АФИА КАРНОБАТ","ЧАЙ ВЪЛШЕБНИК филтър х20 БИОПРОГРАМА","18452","72","1.25",""
"36525","АФИА КАРНОБАТ","ЧАЙ МАТОЧИНА ФИЛТЪР Х16 БИЛЕК","18583","72","1.56",""
"36525","АФИА КАРНОБАТ","ЧАЙ БРОНХОЛЕК ГРЪДЕН Ф.Х 16","18584","72","1.68",""
"36525","АФИА КАРНОБАТ","ЛАКТАНА БИО 1 адпт. мляко 600гр.","18647","65","18.52",""
"36525","АФИА КАРНОБАТ","АНАЛГИН КАПКИ 500МГ/МЛ 20МЛ СФ","18658","96","3.22",""
"36525","АФИА КАРНОБАТ","ЧАЙ ФИТОЛЕК ЛАКТО Х20","18690","72","2.00",""
"36525","АФИА КАРНОБАТ","НУРОФЕН ФЕМИНА ФОРТЕ табл.х 12","18693","94","5.43",""
"36525","АФИА КАРНОБАТ","ПЗ.БИЛКА дент експерт избелваща 75ml","18765","81","2.51",""
"36525","АФИА КАРНОБАТ","ДАВ сапун go fresh restore 100g","18766","83","1.31",""
"36525","АФИА КАРНОБАТ","ФЕЛОРАН ФОРТЕ ГЕЛ 5% 40ГР","18775","95","5.50","4.68"
"36525","АФИА КАРНОБАТ","БИЗАКОДИЛ СОФАРМА СУПОЗ. 5МГ Х 6","18919","88","2.35",""
"36525","АФИА КАРНОБАТ","БИОРИПЕЪР пз night repair 75ml","18969","81","4.55",""
"36525","АФИА КАРНОБАТ","БИОРИПЕЪР пз Junior  ЯГОДА 50ml","18970","81","3.04",""
"36525","АФИА КАРНОБАТ","ЧАЙ МЕНТА ФИЛТЪР Х 20 БИОПРОГРАМА","19084","72","0.96",""
"36525","АФИА КАРНОБАТ","ЧАЙ ФИТОЛЕК ДИАБЕТ","19312","72","2.00",""
"36525","АФИА КАРНОБАТ","БОЧКО САПУН НЕВЕН 75ГР","19341","83","0.99",""
"36525","АФИА КАРНОБАТ","БОЧКО САПУН ЛАВАНДУЛА 75ГР","19342","83","0.99",""
"36525","АФИА КАРНОБАТ","ЕЛГИДИУМ ЧЗ.diffusion S","19382","80","5.95",""
"36525","АФИА КАРНОБАТ","ЕЛГИДИУМ ЧЗ.избелваща S","19392","80","6.34",""
"36525","АФИА КАРНОБАТ","ЧАЙ БИОБРОНХО ФИЛТЪР Х 20 БИОПРОГРАМА","19513","72","1.00",""
"36525","АФИА КАРНОБАТ","ЧАЙ ЛАЙКА ФИЛТЪР Х 20 БИОПРОГРАМА","19514","72","0.96",""
"36525","АФИА КАРНОБАТ","ЧАЙ ЗА БЪБРЕЦИ ПО ЛАМБРЕВ Х 30","19519","72","2.69",""
"36525","АФИА КАРНОБАТ","ЧАЙ ФИТОЛЕК БРОНХО Х 20","19624","72","2.00",""
"36525","АФИА КАРНОБАТ","ЧАЙ ЦЯРЪ при бъбречни проблеми х 30","20221","72","3.39",""
"36525","АФИА КАРНОБАТ","ЧАЙ ЦЯРЪ при кашлица и бронхит х 30","20223","72","3.39",""
"36525","АФИА КАРНОБАТ","ЧАЙ ЦЯРЪ при киселини в стомаха х 30","20224","72","3.39",""
"36525","АФИА КАРНОБАТ","ЧАЙ ЦЯРЪ при проблеми на жлъчката х 30","20225","72","3.39",""
"36525","АФИА КАРНОБАТ","ЧАЙ ЦЯРЪ слабителен х 30","20226","72","3.39",""
"36525","АФИА КАРНОБАТ","ЧАЙ ЦЯРЪ срещу лошия холестерол х 30","20227","72","3.39",""
"36525","АФИА КАРНОБАТ","ИМОДИУМ ИНСТАНТ ОРОДИСП. ТАБЛ. 2МГ Х 6","20294","89","4.16",""
"36525","АФИА КАРНОБАТ","ЧАЙ ЛЕКА НОЩ филтър х20 БИОПРОГРАМА","20307","72","0.80",""
"36525","АФИА КАРНОБАТ","ДОЛОРЕН ТАБЛ. 200МГ Х 10","20458","94","1.55",""
"36525","АФИА КАРНОБАТ","НИЯ САПУН КАТРАНЕН+БИЛКИ 60ГР.","20660","83","0.69",""
"36525","АФИА КАРНОБАТ","ЧАЙ МАТОЧИНА ФИЛТЪР Х 20 БИОПРОГРАМА","20755","72","0.85",""
"36525","АФИА КАРНОБАТ","ЧАЙ РОДОПСКИ филтър х20 БИОПРОГРАМА","20757","72","0.80",""
"36525","АФИА КАРНОБАТ","ЧАЙ КАРКАДЕ ФИЛТЪР Х20 АЛИН","20762","72","0.97",""
"36525","АФИА КАРНОБАТ","ЧАЙ ОТСЛАБВАНЕ филтър х20 БИОПРОГРАМА","20796","72","1.00",""
"36525","АФИА КАРНОБАТ","ХИП 1 COMBIOTIK адапт.мляко 300г.","20833","64","10.21",""
"36525","АФИА КАРНОБАТ","ГЪМ четка за зъби technique soft","20848","80","3.33",""
"36525","АФИА КАРНОБАТ","ВЛ. КЪРПИ BABY BEBELAN СМРАДЛИКА+ЛАЙКА с капак х80","20866","84","1.94",""
"36525","АФИА КАРНОБАТ","А-ДЕРМА дерматологичен сапун с екстракт от Риалба","21054","83","7.54",""
"36525","АФИА КАРНОБАТ","ГЪМ четка за зъби activital soft","21076","80","4.85",""
"36525","АФИА КАРНОБАТ","АЦЦ ЗА ДЕЦА СОЛ 20МГ/МЛ ПЕРОРАЛЕН Р-Р 100МЛ","21657","99","6.85",""
"36525","АФИА КАРНОБАТ","ДИАЛГИН САШЕТА 1000МГ Х 6 ХИМАКС","21780","96","2.46",""
"36525","АФИА КАРНОБАТ","ДОЛОРЕН ТАБЛ. 400МГ Х 12","21854","94","2.55",""
"36525","АФИА КАРНОБАТ","НИЯ САПУН П-В АКНЕ НЕВЕН 60ГР","21884","83","0.69",""
"36525","АФИА КАРНОБАТ","НИЯ САПУН П-В АКНЕ СМРАДЛИКА 60ГР","21885","83","0.69",""
"36525","АФИА КАРНОБАТ","САПУН БИРЕН 70г","21886","83","0.69",""
"36525","АФИА КАРНОБАТ","ЛАКТАНА БИО 2 адпт. мляко 600гр.","21904","65","18.52",""
"36525","АФИА КАРНОБАТ","ЕЛГИДИУМ ПЗ.АНТИПЛАКА 100ml","21972","81","7.68",""
"36525","АФИА КАРНОБАТ","АДАПТ. МЛЯКО АПТАМИЛ AR 400ГР","22022","65","14.15",""
"36525","АФИА КАРНОБАТ","ЧАЙ ФИЛТЪР AHMAD ЧЕРЕН ЧАЙ АНГЛИЙСКА ЗАКУСКА х 20","22072","72","2.95",""
"36525","АФИА КАРНОБАТ","ЧАЙ ФИЛТЪР AHMAD ЧЕРЕН ЧАЙ ЪРЛ ГРЕЙ х 20","22073","72","2.95",""
"36525","АФИА КАРНОБАТ","АПТАМИЛ Premature за недоносени деца 400г","22085","65","14.05",""
"36525","АФИА КАРНОБАТ","АДАПТ. МЛЯКО АПТАМИЛ  БЕЗ ЛАКТОЗА 400ГР","22123","65","11.70",""
"36525","АФИА КАРНОБАТ","ЧАЙ ЧЕРЕН БЪЗ ФИЛТЪР Х16 БИЛЕК","22353","72","1.68",""
"36525","АФИА КАРНОБАТ","АЛМИРАЛ ГЕЛ 1,16% 50ГР","22445","95","5.59",""
"36525","АФИА КАРНОБАТ","АДАПТ. МЛЯКО НАН КОМФОРТИС 1 800Г","22500","65","19.94",""
"36525","АФИА КАРНОБАТ","ЕЛГИДИУМ ЧЗ.Inspiration S","22681","80","5.95",""
"36525","АФИА КАРНОБАТ","ДИАЛГИН КАПКИ 500МГ/МЛ 20 МЛ","22854","96","4.18",""
"36525","АФИА КАРНОБАТ","БОЧКО МОКРИ КЪРПИ ЛАВАНДУЛА Х 64","22865","84","1.20",""
"36525","АФИА КАРНОБАТ","АДАПТ. МЛЯКО НАН 3 400Г","22871","65","11.43",""
"36525","АФИА КАРНОБАТ","ИБУТОП КРЕМ 50ГР","22881","94","5.56",""
"36525","АФИА КАРНОБАТ","ЗЕНАРО ТАБЛ. 5МГ Х 28","22923","100","9.70",""
"36525","АФИА КАРНОБАТ","ЧАЙ ЛАЙКА ФИЛТЪР Х16 БИЛЕК","22966","72","1.61",""
"36525","АФИА КАРНОБАТ","ЧАЙ МЕЧО ГРОЗДЕ ФИЛТЪР Х16 БИЛЕК","22967","72","1.61",""
"36525","АФИА КАРНОБАТ","ТЕО БЕБЕ сапун лавандула 75гр","23016","83","0.86",""
"36525","АФИА КАРНОБАТ","АДАПТ. МЛЯКО ФРИЗОЛАК ПЕП АС 400ГР","23483","65","15.13",""
"36525","АФИА КАРНОБАТ","ВЛ. КЪРПИ BABY BEBELAN ЛАЙКА+АЛОЕ с капак х25","23700","84","0.61",""
"36525","АФИА КАРНОБАТ","ВЛ. КЪРПИ BABY BEBELAN СМРАДЛИКА+ЛАЙКА с капак х25","23701","84","0.61",""
"36525","АФИА КАРНОБАТ","ХИМАЛАЯ САПУН С НИЙМ И КУРКУМА 75ГР","23777","83","0.99",""
"36525","АФИА КАРНОБАТ","ВЛ. КЪРПИ BABY BEBELAN НЕВЕН +ЛАЙКА с капак х80","24142","84","1.94",""
"36525","АФИА КАРНОБАТ","ДАВ сапун кокос 100g","24213","83","1.31",""
"36525","АФИА КАРНОБАТ","ЧАЙ ФИЛТЪР AHMAD РОЙБОС/КАНЕЛАх 20","24333","72","2.71",""
"36525","АФИА КАРНОБАТ","ШАМПОАН ХИНИН 500мл.","24460","82","2.66",""
"36525","АФИА КАРНОБАТ","СТРЕПСИЛС ИНТЕНЗИВ спрей 8.75 mg/dose 15мл","24723","98","8.06",""
"36525","АФИА КАРНОБАТ","ЕКЗОДЕРИЛ 1%  СОЛ. 20МЛ","25011","90","12.26",""
"36525","АФИА КАРНОБАТ","САПУН АЛОЕ ВЕРА 60г.","25161","83","0.69",""
"36525","АФИА КАРНОБАТ","НИЯ САПУН С КОПРИВА 60ГР.","25164","83","0.69",""
"36525","АФИА КАРНОБАТ","НИЯ САПУН С НЕВЕН 60ГР.","25165","83","0.69",""
"36525","АФИА КАРНОБАТ","АЦЕЦИС САШЕТА 200МГ Х 20","25316","99","5.10",""
"36525","АФИА КАРНОБАТ","ЕЛГИДИУМ ПЗ.ДЕТСКА банан 2-6г 50ml","25335","81","5.09",""
"36525","АФИА КАРНОБАТ","НИЯ САПУН СЪС СМРАДЛИКА 60ГР","25467","83","0.69",""
"36525","АФИА КАРНОБАТ","АДАПТ. МЛЯКО ФРИЗО 4 400ГР","25541","65","8.63",""
"36525","АФИА КАРНОБАТ","ЧАЙ МЕНТА ФИЛТЪР Х16 БИЛЕК","25623","72","1.61",""
"36525","АФИА КАРНОБАТ","ЕЛГИДИУМ ПЗ.ИЗБЕЛВАЩА 75ml лимон","25713","81","7.21",""
"36525","АФИА КАРНОБАТ","ЧАЙ ФИЛТЪР AHMAD ЧЕРЕН ЧАЙ ЦЕЙЛОН х 20","26073","72","2.95",""
"36525","АФИА КАРНОБАТ","ЧАЙ ФИЛТЪР AHMAD ПЛОДОВ ПРАСКОВА/МАРАКУЯ  х 20","26074","72","2.95",""
"36525","АФИА КАРНОБАТ","ЧАЙ ФИЛТЪР AHMAD ПЛОДОВ СЕЛЕКЦИЯ  х 20","26077","72","2.96",""
"36525","АФИА КАРНОБАТ","АЦЕСАЛ ПРОТЕКТ 100МГ ТАБЛ. Х 40","26085","96","2.96","2.37"
"36525","АФИА КАРНОБАТ","АДАПТ. МЛЯКО НАН ОПТИПРО 2 800Г","26094","65","20.34",""
"36525","АФИА КАРНОБАТ","ЗЕРОТРОМБ ТАБЛ. 100МГ Х 30","26128","96","2.49",""
"36525","АФИА КАРНОБАТ","АЦЦ ЕФ.ТАБЛ. 600МГ Х 10","26148","99","8.64","6.91"
"36525","АФИА КАРНОБАТ","АКВАФРЕШ паста за зъби intense clean deep action 75 ml","26197","81","3.52","2.64"
"36525","АФИА КАРНОБАТ","АКВАФРЕШ паста за зъби intense whitening 75 ml","26198","81","3.52","2.64"
"36525","АФИА КАРНОБАТ","ПАРОДОНТАКС паста за зъби ultra clean 75 ml","26199","81","5.46",""
"36525","АФИА КАРНОБАТ","НУРОФЕН СУСП. за юноши ягода 200 mg/5ml 100мл","26244","94","5.87",""
"36525","АФИА КАРНОБАТ","ПАНАКТИВ СУСП. 100МГ/5МЛ 120МЛ","26363","94","3.57",""
"36525","АФИА КАРНОБАТ","ХИМАЛАЯ САПУН  с краставица 75гр","26570","83","1.12",""
"36525","АФИА КАРНОБАТ","АДАПТ. МЛЯКО НАН 3 800г","26639","65","19.42",""
"36525","АФИА КАРНОБАТ","САПУН Докторски","26689","83","1.35",""
"36525","АФИА КАРНОБАТ","ВЛ. КЪРПИ LARA x 120 бр. лайка","26780","84","1.52",""
"36525","АФИА КАРНОБАТ","ВЛ. КЪРПИ LARA x 120 бр. гербер","26781","84","1.52",""
"36525","АФИА КАРНОБАТ","ВЛ. КЪРПИ LARA x 120 бр. алое","26782","84","1.52",""
"36525","АФИА КАРНОБАТ","ЛАКТАНА БИО 3 адпт. мляко 600гр.","26955","65","15.64",""
"36525","АФИА КАРНОБАТ","ЧАЙ ЦЯР за пречистване на кръвта  Х30","27072","72","3.39",""
"36525","АФИА КАРНОБАТ","ЧАЙ ЦЯРЪ ДИАБЕТИЦИ Х30","27159","72","3.39",""
"36525","АФИА КАРНОБАТ","ИБУРАПИД 400МГ ТАБЛ. Х 10","27217","94","3.95",""
"36525","АФИА КАРНОБАТ","АЗПИЗАЛ ТАБЛ. 325МГ Х 100","27261","96","2.58",""
"36525","АФИА КАРНОБАТ","ЛАКАЛУТ ПЗ. АКТИВ 75ml + ЧЕТКA","27410","81","3.87",""
"36525","АФИА КАРНОБАТ","ХИМАЛАЯ САПУН С МЕД И МЛЯКО 75ГР","27450","83","1.12",""
"36525","АФИА КАРНОБАТ","НУРОФЕН СУСП. за юноши портокал 200 mg/5ml  100мл","27521","94","6.26",""
"36525","АФИА КАРНОБАТ","ВЛ. КЪРПИ LARA x 120 бр. лавандула","27579","84","1.52",""
"36525","АФИА КАРНОБАТ","ПЗ.БИЛКА дент хималайска сол","27618","81","2.22",""
"36525","АФИА КАРНОБАТ","БИОРИПЕЪР пз Junior 6-12 mint 75 ml","27642","81","3.47",""
"36525","АФИА КАРНОБАТ","ДИАЛГИН САШЕТА 500mg x 6","27974","96","2.36",""
"36525","АФИА КАРНОБАТ","ВЛ. КЪРПИ LARA x 120 бр.фамилни + роза","28195","84","1.52",""
"36525","АФИА КАРНОБАТ","ПЗ.БИЛКА дент хомеопатична дж.+лайм","28291","81","2.51",""
"36525","АФИА КАРНОБАТ","ПЗ.БИЛКА дент хомеопатична мастиха","28292","81","2.51",""
"36525","АФИА КАРНОБАТ","ЧАЙ ЦЯР при подагра Х30","28410","72","3.39",""
"36525","АФИА КАРНОБАТ","ЧАЙ ЦЯР простатит  Х30","28411","72","3.39",""
"36525","АФИА КАРНОБАТ","ЕКЗОДЕРИЛ 1%  КРЕМ 30ГР","28444","90","9.65",""
"36525","АФИА КАРНОБАТ","АСПИРИН УЛТРА ТАБЛ. 500МГ Х 20","28454","96","4.72",""
"36525","АФИА КАРНОБАТ","АСПИРИН УЛТРА ТАБЛ. 500МГ Х 8","28455","96","1.84",""
"36525","АФИА КАРНОБАТ","ЧАЙ ФИТОЛЕК ЕХИНАЦЕЯ Х20","28467","72","2.00",""
"36525","АФИА КАРНОБАТ","ХИМАЛАЯ САПУН С БАДЕМ 75ГР","28496","83","1.12",""
"36525","АФИА КАРНОБАТ","ДЖОНСЪН шампоан лайка 300ml","28660","82","4.49",""
"36525","АФИА КАРНОБАТ","СТРЕПСИЛС ИНТЕНЗИВ tabl. x 24","28694","98","8.06",""
"36525","АФИА КАРНОБАТ","АДАПТ. МЛЯКО АПТАМИЛ ADC 400ГР","28964","65","14.57",""
"36525","АФИА КАРНОБАТ","АЛМИРАЛ ГЕЛ 1,16% 250Г","28978","95","14.46",""
"36525","АФИА КАРНОБАТ","ВЛ. КЪРПИ LARA x 120 бр.фамилни цитрус","29121","84","1.52",""
"36525","АФИА КАРНОБАТ","ВЛ. КЪРПИ LARA x 120 бр. премиум","29122","84","1.52",""
"36525","АФИА КАРНОБАТ","ИБУЛЕК 600МГ САШЕТА Х 10","29538","94","7.32",""
"36525","АФИА КАРНОБАТ","АСТЕРА PARODONT STOP п.за зъби 75мл.","29847","81","3.21",""
"36525","АФИА КАРНОБАТ","ВОЛТАРЕН ФОРТЕ ГЕЛ 2,32% 150ГР","29938","95","18.40","14.72"
"36525","АФИА КАРНОБАТ","СЕНСОДИН паста за зъби RAPID RELIEF 75ml","30004","81","7.76",""
"36525","АФИА КАРНОБАТ","БИОРИПЕЪР ПЗ PRO WHITE 75ml","30290","81","4.55",""
"36525","АФИА КАРНОБАТ","ЧАЙ ЛИПА ФИЛТЪР Х16 БИЛЕК","30398","72","1.61",""
"36525","АФИА КАРНОБАТ","АКАРД ТАБЛ. 75МГ Х 30","30443","96","2.25",""
"36525","АФИА КАРНОБАТ","ЕЛГИДИУМ ПЗ.АНТИПЛАКА  50мл","30480","81","5.09",""
"36525","АФИА КАРНОБАТ","СЛЪНЧО КАША 4мес. БАНАНОВА МЛЕЧНА безглутенова 200г.","30687","63","2.50",""
"36525","АФИА КАРНОБАТ","ИБУЛЕК 400МГ САШЕТА Х 10","30698","94","5.85",""
"36525","АФИА КАРНОБАТ","СЛЪНЧО КАША 6мес. БИСКВИТЕНО БАНАНОВА млечна 200г.","30699","63","2.65",""
"36525","АФИА КАРНОБАТ","ЧАЙ ФИЛТЪР AHMAD ЧЕРЕН ЧАЙ АНГЛИЙСКИ X20","30753","72","2.95",""
"36525","АФИА КАРНОБАТ","АНГАЛ МЕНТОЛ СПРЕЙ 2МГ/МЛ+0,5МГ/МЛ 30МЛ","30922","98","9.74",""
"36525","АФИА КАРНОБАТ","АНГАЛ МЕНТОЛ ТАБЛ. ЗА СМУЧЕНЕ 5МГ/1МГ Х 24","30923","98","7.45",""
"36525","АФИА КАРНОБАТ","БИОТРЕЙД  ПЮЪР СКИН ЧЕРЕН ДЕТОКС САПУН 100ГР","31073","83","6.45",""
"36525","АФИА КАРНОБАТ","СЕНСОДИН четка за зъби gentle care soft","31111","80","4.89",""
"36525","АФИА КАРНОБАТ","АЦЦ ДИРЕКТ ПРАХ 600МГ Х 10","31211","99","8.69","6.95"
"36525","АФИА КАРНОБАТ","ВЛ. КЪРПИ LARA x 15 бр. VINTAGE MIX","31213","84","0.26",""
"36525","АФИА КАРНОБАТ","АЛМИРАЛ ГЕЛ 1,16% 100Г","31255","95","7.60",""
"36525","АФИА КАРНОБАТ","КСИВОЗАН ТАБЛ. 5МГ Х 10","31346","100","5.21",""
"36525","АФИА КАРНОБАТ","ОВКО пюре сладък картоф 4+м, 100гр","31432","64","1.02",""
"36525","АФИА КАРНОБАТ","ОВКО пюре манго с банани 4 м, 190 гр","31433","64","1.14",""
"36525","АФИА КАРНОБАТ","ОВКО пюре ябълки и моркови 4м, 190гр","31436","64","0.96",""
"36525","АФИА КАРНОБАТ","ОВКО пюре банан 4м, 190гр","31438","64","1.10",""
"36525","АФИА КАРНОБАТ","ОВКО пюре манго 4м, 190 гр","31440","64","1.04",""
"36525","АФИА КАРНОБАТ","ОВКО пюре сливи 4м , 190 гр","31441","64","1.10",""
"36525","АФИА КАРНОБАТ","ОВКО пюре ябълки и праскови 4м, 190 гр","31442","64","1.15",""
"36525","АФИА КАРНОБАТ","ОВКО пюре ябълки, кайсии, моркови 4м, 190 гр","31443","64","1.02",""
"36525","АФИА КАРНОБАТ","ОВКО пюре ябълки, банани и праскови 4м, 190 гр","31444","64","1.10",""
"36525","АФИА КАРНОБАТ","ОВКО  асорти градински плод 5м, 190 гр","31452","64","1.07",""
"36525","АФИА КАРНОБАТ","ОВКО пюре тиква с ябълки и моркови 4м, 190гр","31454","64","0.99",""
"36525","АФИА КАРНОБАТ","ОВКО пюре тиквички с картофи 4м, 190гр","31457","64","1.04",""
"36525","АФИА КАРНОБАТ","ОВКО мл.каша ябълки и сливи с елда 5м, 190гр","31458","63","1.04",""
"36525","АФИА КАРНОБАТ","ОВКО мл.каша ябълки, кайсии и овесени ядки 4м, 190гр","31462","63","1.14",""
"36525","АФИА КАРНОБАТ","ОВКО мл.каша банан, ябълка и бисквити 4м, 190гр","31463","63","1.14",""
"36525","АФИА КАРНОБАТ","ОВКО мл.каша ябълки,круши и бисквити 4м, 190гр","31464","63","1.14",""
"36525","АФИА КАРНОБАТ","ОВКО пюре пуешко със зеленчуци 6м, 190гр","31465","64","1.21",""
"36525","АФИА КАРНОБАТ","ОВКО пюре фин заек и пиле със зеленчуци 6м, 190гр","31467","63","1.53",""
"36525","АФИА КАРНОБАТ","ОВКО пюре асорти със зеленчуци 4м, 190гр","31468","64","1.02",""
"36525","АФИА КАРНОБАТ","ОВКО пюре зеленчукова супа с пиле и ориз 6м, 190гр","31469","64","1.26",""
"36525","АФИА КАРНОБАТ","КЕТОНАЛ КАПС. 50МГ Х 20","31632","94","6.64",""
"36525","АФИА КАРНОБАТ","ЛАКАЛУТ ПЗ. АНТИ КАРИЕС 75МЛ","32022","81","3.87","2.90"
"36525","АФИА КАРНОБАТ","НУРОФЕН 7+ за юноши портокал 100мг  дъвч.капс. х 12","32268","94","5.76",""
"36525","АФИА КАРНОБАТ","АКАРД ТАБЛ. 150МГ Х 30","32390","96","3.37",""
"36525","АФИА КАРНОБАТ","АКВАФРЕШ паста за зъби fresh&minty  зелена 75ml","32655","81","2.03","1.62"
"36525","АФИА КАРНОБАТ","МИГ ДЖУНИЪР СИРОП 40МГ/МЛ 100МЛ","32757","94","4.73",""
"36525","АФИА КАРНОБАТ","АСТЕРА PARODONT ACTIVE ПОМОРИЙСКА ЛУГА п.за зъби 75мл.","32815","81","3.38",""
"36525","АФИА КАРНОБАТ","ИБУПРОМ НАСТИНКА И ГРИП ЗА ДЕЦА ТАБЛ. 200МГ Х 10","32962","94","3.34",""
"36525","АФИА КАРНОБАТ","АСТЕРА PARODONT ACTIVE АКТИВЕН ВЪГЛЕН п.за зъби 75мл.","32993","81","3.21",""
"36525","АФИА КАРНОБАТ","БИОРИПЕЪР ЧЗ SOFT","33066","80","2.61",""
"36525","АФИА КАРНОБАТ","АНАЛГИН МАКС САШЕ 1000МГ Х 6","33172","96","2.99","2.54"
"36525","АФИА КАРНОБАТ","ХИП 1 COMBIOTIK адапт.мляко 800г.","33377","65","23.36",""
"36525","АФИА КАРНОБАТ","ЕЛГИДИУМ ПЗ.мултифункционална 75ml","33411","81","7.21",""
"36525","АФИА КАРНОБАТ","ЕЛГИДИУМ ПЗ. perioblock  care 75ml","33412","81","7.68",""
"36525","АФИА КАРНОБАТ","ЕЛГИДИУМ ПЗ.успокояваща за раздразнени венци 75ml","33413","81","7.21",""
"36525","АФИА КАРНОБАТ","ЛАКАЛУТ ПЗ. АКТИВ & УАЙТ С ЕНЗИМИ 75МЛ","33500","81","4.89",""
"36525","АФИА КАРНОБАТ","ОВКО пюре зеленчуково 4м , 190 гр","33649","64","1.05",""
"36525","АФИА КАРНОБАТ","НУРОФЕН лечебен пластир 200mg 2 броя","33678","94","7.40",""
"36525","АФИА КАРНОБАТ","ИБУПРОМ СПРИНТ МАКС КАПС. 400МГ Х 10","33711","94","4.77",""
"36525","АФИА КАРНОБАТ","ГЛИМБАКС 0.148 % СПРЕЙ 15ml","33779","95","10.35",""
"36525","АФИА КАРНОБАТ","ПАРОДОНТАКС паста за зъби herbal 75ml","33794","81","5.46",""
"36525","АФИА КАРНОБАТ","ПАРОДОНТАКС паста за зъби complete protection  white75ml","33795","81","6.58","4.74"
"36525","АФИА КАРНОБАТ","ЗЕОЛИТ САПУН 100г.","33945","83","1.77",""
"36525","АФИА КАРНОБАТ","ЕЛГИДИУМ ПЗ.ДЕТСКА сладка мента 7-12г 50ml","33996","81","5.29",""
"36525","АФИА КАРНОБАТ","ХИП 2 COMBIOTIK адапт.мляко 800г.","34235","65","23.36",""
"36525","АФИА КАРНОБАТ","ЧАЙ БЪЗ ЦВЯТ И ЛИМОН  филтър х20 БЧК","34436","72","1.12",""
"36525","АФИА КАРНОБАТ","ВИТАСИН САПУН с Гераниево масло 70г.","34531","83","1.19",""
"36525","АФИА КАРНОБАТ","АНАЛГИН МАКС САШЕ 1000МГ Х 20","34552","96","7.99","6.79"
"36525","АФИА КАРНОБАТ","АПТАМИЛ Comfort 1  Pro Exp 0-6м. 400г","34575","65","13.49",""
"36525","АФИА КАРНОБАТ","ЕЛГИДИУМ ПЗ.разкриваща плаката 50ml","34576","81","7.06",""
"36525","АФИА КАРНОБАТ","ЧАЙ ЖЪЛТ КАНТАРИОН ФИЛТЪР Х16","34589","72","1.34",""
"36525","АФИА КАРНОБАТ","АКВАФРЕШ паста за зъби ACTIVE WHITE 125ml","34623","81","2.69",""
"36525","АФИА КАРНОБАТ","АКВАФРЕШ паста за зъби деца 9-12 75ml","34624","81","3.52",""
"36525","АФИА КАРНОБАТ","ЧАЙ ФИЛТЪР AHMAD ЧЕРЕН ЧАЙ СПАЙС X20","34630","72","2.95",""
"36525","АФИА КАРНОБАТ","АПТАМИЛ Comfort 2  Pro Exp 6+м. 400г","34632","65","13.44",""
"36525","АФИА КАРНОБАТ","АДАПТ. МЛЯКО ФРИЗОЛАК LF 400ГР","34712","65","11.35",""
"36525","АФИА КАРНОБАТ","ИБУПРОМ СПРИНТ 200МГ Х10","34772","94","3.92",""
"36525","АФИА КАРНОБАТ","СТРЕПСИЛС ИНТЕНЗИВ ПОРТОКАЛ таблетки*16","34866","98","5.73",""
"36525","АФИА КАРНОБАТ","ЧАЙ ЖЪЛТ КАНТАРИОН филтър х 20 БИОПРОГРАМА","34909","72","0.90",""
"36525","АФИА КАРНОБАТ","ПАНАКТИВ ФОРТЕ СУСП. 200МГ/5МЛ 40МЛ","35058","94","2.83",""
"36525","АФИА КАРНОБАТ","БЕНАЛГИН РАПИД ПРАХ ЗА ПЕРОР.Р-Р САШЕ Х 10","35202","96","3.92",""
"36525","АФИА КАРНОБАТ","ЛАКАЛУТ ПЗ.СЕНЗИТИВ & УАЙТ С ЕНЗИМИ 75 МЛ.","35216","81","4.89",""
"36525","АФИА КАРНОБАТ","СЕНСОДИН паста за зъби sensivity and gum 75ml","35268","81","7.76",""
"36525","АФИА КАРНОБАТ","КЕТОНАЛ ИНТЕНЗИВ САШЕ 50МГ Х 12","35306","94","7.66",""
"36525","АФИА КАРНОБАТ","ПЗ ПОМОРИН АКТИВ ПАРОДОНТИТ","35426","81","1.77",""
"36525","АФИА КАРНОБАТ","ЧАЙ ФИЛТЪР AHMAD ХРАНОСМИЛАНЕ","35651","72","2.85",""
"36525","АФИА КАРНОБАТ","ЧАЙ ФИЛТЪР AHMAD СЪН","35652","72","2.85",""
"36525","АФИА КАРНОБАТ","ЕНТЕРОЛ прахчета 250мг.*20","35681","89","13.28",""
"36525","АФИА КАРНОБАТ","АКВАФРЕШ паста за зъби splash деца 3-8 г.","35790","81","3.52",""
"36525","АФИА КАРНОБАТ","АДАПТ. МЛЯКО АПТАМИЛ AR2 400ГР","35818","65","13.76",""
"36525","АФИА КАРНОБАТ","ЕНТЕРОЛ КАПС. 250МГ Х 12","35837","89","6.94",""
"36525","АФИА КАРНОБАТ","АРОМА САПУН АНТИБАКТЕРИАЛЕН ВЪГЛЕН 90г./ЧИСТО/","35860","83","1.07",""
"36525","АФИА КАРНОБАТ","ФАРИНГОСЕПТ ТАБЛ. ЗА СМУЧЕНЕ 8,75МГ Х 20","35935","98","4.33",""
"36525","АФИА КАРНОБАТ","ДИАЛГИН КИДС КАПКИ 500МГ/МЛ 20МЛ","36126","96","4.68",""
"36525","АФИА КАРНОБАТ","СЛЪНЧО КАША 4мес. ЗЪРНИН М млечна 200г.","36180","63","2.50",""
"36525","АФИА КАРНОБАТ","СЛЪНЧО КАША 4мес. ПШЕНИЧНО МЛЕЧНА 200г.","36181","63","2.56",""
"36525","АФИА КАРНОБАТ","СЛЪНЧО КАША 4мес. СЛАДЪК СЪН ОРИЗ МЛЕЧНА безглутенова 200г.","36182","63","2.80",""
"36525","АФИА КАРНОБАТ","ЛАРА САПУН 375 МЛ. КОКОС","36287","83","1.38",""
"36525","АФИА КАРНОБАТ","ДАВ сапун РОЗОВ 100g","36301","83","1.31",""
"36525","АФИА КАРНОБАТ","СЕНСОДИН четка за зъби advanced clean soft","36368","80","4.89",""
"36525","АФИА КАРНОБАТ","Сапун КРИСПА ЧИСТ ГЛИЦЕРИН+НАР 100ГР","36369","83","1.21",""
"36525","АФИА КАРНОБАТ","ТЕО БЕБЕ ВЛ.КЪРПИ SENSITIVE 72бр С КАПАК","36475","84","1.56",""
"36525","АФИА КАРНОБАТ","ЕЛГИДИУМ ПЗ.SENSILEAVE 50 ml","36507","81","7.31",""
"36525","АФИА КАРНОБАТ","АДАПТ. МЛЯКО НАН КОМФОРТИС 2 800Г","36547","65","19.94",""
"36525","АФИА КАРНОБАТ","ОКЛИС ФОРТЕ САШЕ 600МГ Х 10","36596","94","6.47",""
"36525","АФИА КАРНОБАТ","ВЛ. КЪРПИ BABY BEBELAN Сребърна вода х 60","36992","84","1.94",""
"36525","АФИА КАРНОБАТ","ХИП 3 COMBIOTIK адапт.мляко 500г.","37010","65","12.82",""
"36525","АФИА КАРНОБАТ","ИБУЛЕК ЗА ДЕЦА СУСП. 100МГ/5МЛ 120МЛ","37116","94","4.06",""
"36525","АФИА КАРНОБАТ","СТРЕПСИЛС ИНТЕНЗИВ МЕД И ЛИМОН спрей 8.75 mg/dose 15мл","37130","98","8.06",""
"36525","АФИА КАРНОБАТ","ЧАЙ ЛАЙКА,МЕД И ВАНИЛИЯ  филтър х20 БЧК","37136","72","1.20",""
"36525","АФИА КАРНОБАТ","ЕНТЕРОЛ caps.250mg x 30","37242","89","15.24",""
"36525","АФИА КАРНОБАТ","МУКОСОФТ САШЕТА 600МГ Х 10 АДИФАРМ","37406","99","6.12",""
"36525","АФИА КАРНОБАТ","АНГЕТОП ТАБЛ. 500МГ Х 20","37425","96","1.13",""
"36525","АФИА КАРНОБАТ","Омалгин, Omalgin перорални капки 500 мг/мл 20 мл","37663","96","3.37",""
"36525","АФИА КАРНОБАТ","ЕЛГИДИУМ ПЗ. perioblock pro 50ml","37664","81","7.68",""
"36525","АФИА КАРНОБАТ","ФЛУРБИМЕД МИНТ ТАБЛ. ЗА СМУЧЕНЕ 8,75МГ Х 20","37763","98","5.01",""
"36525","АФИА КАРНОБАТ","ПАРОДОНТАКС четка за зъби COMPLETE PROTECTION SOFT","37832","80","6.58","4.94"
"36525","АФИА КАРНОБАТ","ПЗ ПОМОРИН КЛАСИК","37897","81","1.29",""
"36525","АФИА КАРНОБАТ","ПЗ ПОМОРИН АНТИПАРОДОНТИТ","37898","81","1.29",""
"36525","АФИА КАРНОБАТ","ЕНТЕРОЛ прахчета 250мг*6","37915","89","4.54",""
"36525","АФИА КАРНОБАТ","АЦЦ МЕД И ЛИМОН 600МГ САШЕТА Х 10","37930","99","8.69",""
"36525","АФИА КАРНОБАТ","АКАРД тбл.75мг.х120","37940","96","8.06",""
"36525","АФИА КАРНОБАТ","ПЗ.БИЛКА дент пародонт избелваща  75ml","37943","81","2.36",""
"36525","АФИА КАРНОБАТ","НОВАЛАК 1 адапт.мляко кърмач.400гр/0-6м/","38153","65","10.21",""
"36525","АФИА КАРНОБАТ","НОВАЛАК 2 адапт.мляк кърмач.400гр/6-12м/","38154","65","10.12",""
"36525","АФИА КАРНОБАТ","НОВАЛАК 3 адапт.мляко преход.400гр/1-3г/","38155","65","9.85",""
"36525","АФИА КАРНОБАТ","НОВАЛАК AC адапт.мляко колики400г/0-12м/","38156","65","13.12",""
"36525","АФИА КАРНОБАТ","НОВАЛАК AR адапт.мл повръщане400г/0-12м/","38157","65","11.71",""
"36525","АФИА КАРНОБАТ","НОВАЛАК IT адапт.мл при запек400г/0-12м/","38158","65","12.04",""
"36525","АФИА КАРНОБАТ","МИЛОРОФЕН тбл.200мг.х10","38294","94","1.98",""
"36525","АФИА КАРНОБАТ","ДИКЛОФЛЕКС гел 5% 50г.","38325","95","4.89",""
"36525","АФИА КАРНОБАТ","АПИВИТА Шампоан за честа употреба 500мл","38464","82","15.61",""
"36525","АФИА КАРНОБАТ","ЧАЙ Вечерен /лайка , копър , валериана/ 17 пак Yogi Tea","38478","72","4.06",""
"36525","АФИА КАРНОБАТ","ПАРОДОНТАКС паста за зъби DUO  PACK CLASSIC 2x75ml","38619","81","6.19",""
"36525","АФИА КАРНОБАТ","НУРОФЕН ЕКСПРЕС ФОРТЕ 400mg меки капсули *20","38658","94","9.69",""
"36525","АФИА КАРНОБАТ","МУСТЕЛА сапун с колд крем 100г","38694","83","4.05",""
"36525","АФИА КАРНОБАТ","ЛАКАЛУТ ПЗ. АКТИВ & СЕНЗИТИВ ПАСТА 75 МЛ","38744","81","4.89",""
"36525","АФИА КАРНОБАТ","NATURE ROSES сапун 75 гр","38969","83","0.77",""
"36525","АФИА КАРНОБАТ","NATURE ROSES сапун 75 гр бял","38970","83","0.77",""
"36525","АФИА КАРНОБАТ","АЛЕРГОЗАН 1% КРЕМ 1Г/100ГР 60Г","39040","91","7.65",""
"36525","АФИА КАРНОБАТ","ПАНАКТИВ BABY супоз.60мг.х5","39186","94","2.45",""
"36525","АФИА КАРНОБАТ","ПАНАКТИВ BABY супоз.125мг.х5","39187","94","2.77",""
"36525","АФИА КАРНОБАТ","ПСИЛО-БАЛСАМ ГЕЛ 50ГР","39352","91","8.12",""
"36525","АФИА КАРНОБАТ","АКВАФРЕШ паста за зъби fresh&minty 50ml","39361","81","1.89","1.51"
"36525","АФИА КАРНОБАТ","АКВАФРЕШ паста за зъби M&M  125мл","39363","81","2.30",""
"36525","АФИА КАРНОБАТ","АКВАФРЕШ паста за зъби ACTIVE FRESH 125ml","39364","81","2.69",""
"36525","АФИА КАРНОБАТ","КУРАПРОКС ПЗ Enzycal Zero 75мл","39624","81","6.43",""
"36525","АФИА КАРНОБАТ","КУРАПРОКС ПЗ Enzycal 950 75мл","39625","81","6.43",""
"36525","АФИА КАРНОБАТ","КУРАПРОКС ПЗ Enzycal 1450 75мл","39626","81","7.15",""
"36525","АФИА КАРНОБАТ","КУРАПРОКС ПЗ [BE YOU] Daydreamer 60 МЛ","39627","81","12.26",""
"36525","АФИА КАРНОБАТ","КУРАПРОКС ПЗ [BE YOU] Pure happiness  60 МЛ","39628","81","12.26",""
"36525","АФИА КАРНОБАТ","КУРАПРОКС ПЗ [BE YOU] Explore 60 МЛ","39629","81","12.26",""
"36525","АФИА КАРНОБАТ","КУРАПРОКС ПЗ [BE YOU] Candy lover 60 МЛ","39630","81","12.26",""
"36525","АФИА КАРНОБАТ","ЮРИАЖ 1ER BEBE почистващ крем-сапун 100гр.","39661","83","6.69",""
"36525","АФИА КАРНОБАТ","ВЛ.КЪРПИ EVENT антибакт. алое x15","39743","84","0.40",""
"36525","АФИА КАРНОБАТ","ВЛ.КЪРПИ EVENT антибакт. невен x15","39744","84","0.40",""
"36525","АФИА КАРНОБАТ","ВЛ.КЪРПИ EVENT антибакт. лавандула x15","39745","84","0.40",""
"36525","АФИА КАРНОБАТ","ВЛ.КЪРПИ EVENT антибакт. мандарина x15","39746","84","0.40",""
"36525","АФИА КАРНОБАТ","ВЛ.КЪРПИ EVENT антибакт. 20% алкохол x15","39747","84","0.49",""
"36525","АФИА КАРНОБАТ","КУРАПРОКС ПЗ [BE YOU] Challenger  60 МЛ","39837","81","12.26",""
"36525","АФИА КАРНОБАТ","ВЛ.КЪРПИ PUFIES WW SENSITIVE с капак 64 бр","40048","84","1.94",""
"36525","АФИА КАРНОБАТ","КЕТАЛГО 50МГ ГРАНУЛИ ЗА ПЕРОРАЛЕН Р-Р В САШЕ Х 6","40084","94","4.35",""
"36525","АФИА КАРНОБАТ","ОВКО пюре картофи с тиква 4м 190гр","40114","64","1.02",""
"36525","АФИА КАРНОБАТ","ОВКО меню спагети болонезе 8м+ 220 гр","40115","64","1.48",""
"36525","АФИА КАРНОБАТ","СЛЪНЧО КАША 6мес. БИСКВИТЕНА млечна с бифидус  200г.","40116","63","2.50",""
"36525","АФИА КАРНОБАТ","СЛЪНЧО КАША 6мес. млечна ЕЛДА с плодове 200г.","40117","63","2.61",""
"36525","АФИА КАРНОБАТ","ХИП 1 COMBIOTIK адапт.мляко 350г.","40138","65","11.35",""
"36525","АФИА КАРНОБАТ","ВЛ.КЪРПИ EVENT антибакт. алое x72","40242","84","1.53",""
"36525","АФИА КАРНОБАТ","ВЛ.КЪРПИ EVENT антибакт. мандарина x72","40243","84","1.53",""
"36525","АФИА КАРНОБАТ","ВЛ.КЪРПИ EVENT антибакт. 20% алкохол x60","40244","84","1.64",""
"36525","АФИА КАРНОБАТ","КУРАПРОКС ПЗ [BE YOU] Rising Star 60 МЛ","40279","81","12.26",""
"36525","АФИА КАРНОБАТ","АГИВА вл. интимни кърпи","40508","84","0.79",""
"36525","АФИА КАРНОБАТ","НИЗОРАЛ ШАМПОАН 2% 100МЛ","40549","90","13.69",""
"36525","АФИА КАРНОБАТ","ВЛ. КЪРПИ PAMPERS sensitive х 52","40636","84","1.53",""
"36525","АФИА КАРНОБАТ","ФЕЛОРАН ФОРТЕ ГЕЛ 5% 120 ГР СФ","40745","95","8.43","7.17"
"36525","АФИА КАРНОБАТ","СЕНСОДИН паста за зъби Natural White с активен въглен","40897","81","5.50","3.85"
"36525","АФИА КАРНОБАТ","БОЧКО ВЛАЖНИ КЪРПИ ПАМУК И ЛАЙКА КАПАК Х 84","40932","84","1.67",""
"36525","АФИА КАРНОБАТ","ХИП АНТИРЕФЛУКС адапт .мляко 600 гр","41012","65","17.61",""
"36525","АФИА КАРНОБАТ","ЕЛГИДИУМ ПЗ.ИЗБЕЛВАЩА 50ml","41029","81","5.47",""
"36525","АФИА КАРНОБАТ","ЛОПЕРАМИД ЕКОФАРМ тбл.2мг.х10","41152","89","2.70",""
"36525","АФИА КАРНОБАТ","ФЕЛОРАН гел 1% - 120g  Софарма","41160","95","7.58","6.44"
"36525","АФИА КАРНОБАТ","АКВАФРЕШ паста за зъби naturals mint clean","41284","81","2.30",""
"36525","АФИА КАРНОБАТ","ЧАЙ ФИТОЛЕК ДЕТОКС Х20","41531","72","2.00",""
"36525","АФИА КАРНОБАТ","КУРАПРОКС чз CS1560 soft ПРОМО","41636","80","5.50",""
"36525","АФИА КАРНОБАТ","КСИЗАЛ 0,5МГ/МЛ СИРОП 200МЛ Х 11","41828","100","5.52",""
"36525","АФИА КАРНОБАТ","ЕЛГИДИУМ ПЗ.ИЗБЕЛВАЩА 100ml  BIO","41852","81","9.20",""
"36525","АФИА КАРНОБАТ","ЕЛГИДИУМ ПЗ.СЕНЗИТИВ 100ml BIO","41853","81","8.68",""
"36525","АФИА КАРНОБАТ","АНГАЛ МЕД ТАБЛ. ЗА СМУЧЕНЕ 5МГ/1МГ Х 24","41925","98","7.45",""
"36525","АФИА КАРНОБАТ","АНГАЛ ЯГОДА ЗА ДЕЦА ТАБЛ. ЗА СМУЧЕНЕ 5МГ/1МГ Х 24","41926","98","7.45",""
"36525","АФИА КАРНОБАТ","АПТАМИЛ 4 400г ПРОНУТРА","41999","65","10.01",""
"36525","АФИА КАРНОБАТ","НУРОФЕН ФОРТЕ ТАБЛ.400МГ Х 24","42236","94","8.17",""
"36525","АФИА КАРНОБАТ","СЛЪНЧО КАША 4мес. ОРИЗОВА безмлечна 180 г","42328","63","2.37",""
"36525","АФИА КАРНОБАТ","БОЧКО ВЛАЖНИ КЪРПИ ПАМУК И ЛАВАНДУЛА КАПАК Х 84","42347","84","1.67",""
"36525","АФИА КАРНОБАТ","АПТАМИЛ 1 800г ПРОНУТРА","42367","65","21.16",""
"36525","АФИА КАРНОБАТ","ЛАКС сол.7.5мг/мл.20мл.","42429","88","4.17",""
"36525","АФИА КАРНОБАТ","ДРОПЛЕКС 4Г/100Г+1Г/100Г КАПКИ ЗА УШИ Р-Р 15МЛ Х 1","42480","101","4.09",""
"36525","АФИА КАРНОБАТ","СЛЪНЧО КАША 6мес. ОРИЗОВО МЛЕЧНА С МАНГО,ЯБЪЛКА И БАНАН 200г","42486","63","2.47",""
"36525","АФИА КАРНОБАТ","ЛАКАЛУТ ПЗ СЕНЗИТИВ ПАСТА 75 МЛ","42491","81","3.87","2.90"
"36525","АФИА КАРНОБАТ","АПТАМИЛ 2 800г ПРОНУТРА","42492","65","21.16",""
"36525","АФИА КАРНОБАТ","Сапун КРИСПА БЕБЕ 100 гр","42533","83","0.72",""
"36525","АФИА КАРНОБАТ","АПТАМИЛ 3 400г ПРОНУТРА","42534","65","10.01",""
"36525","АФИА КАРНОБАТ","АВЕН XERACALM A.D.СВРЪХОБОГАТЕН САПУН 100г AV","42576","83","9.03","6.59"
"36525","АФИА КАРНОБАТ","АПТАМИЛ 2 400г ПРОНУТРА","42697","65","10.68",""
"36525","АФИА КАРНОБАТ","БЕБО ВЛ. КЪРПИЧКИ АЛОЕ ВЕРА 72бр с капак","42708","84","1.57",""
"36525","АФИА КАРНОБАТ","БЕБО ВЛ. КЪРПИЧКИ ЛАЙКА  72бр с капак","42709","84","1.57",""
"36525","АФИА КАРНОБАТ","БЕБО ВЛ. КЪРПИЧКИ ЛАВАНДУЛА  90бр с капак","42710","84","1.83",""
"36525","АФИА КАРНОБАТ","БЕБО ВЛ.КЪРПИЧКИ SENSITIVE 80бр. С НОВ РИДЖИТ","42711","84","1.72",""
"36525","АФИА КАРНОБАТ","БОЧКО МОКРИ КЪРПИ ПАМУК И СМРАДЛИКА Х 84 КАПАК","42745","84","1.67",""
"36525","АФИА КАРНОБАТ","АПТАМИЛ 1 400г ПРОНУТРА","42844","65","10.68",""
"36525","АФИА КАРНОБАТ","Сапун КРИСПА ДОКТОРСКИ 100гр.","42927","83","1.11",""
"36525","АФИА КАРНОБАТ","ВЛ.КЪРПИ PUFIES WW CLEAN&FRESH  с капак 64 бр","43023","84","1.94",""
"36525","АФИА КАРНОБАТ","САПУН МИНИ СЪС ЗЕОЛИТ БИОХЕРБА","43057","83","1.40",""
"36525","АФИА КАРНОБАТ","БЕБО ВЛ.КЪРПИЧКИ МИЦЕЛАРНА ВОДА 64бр. С КАПАК","43128","84","2.08",""
"36525","АФИА КАРНОБАТ","КСАЛЕРГАН 5МГ/МЛ ПЕРОР. КАПКИ 20МЛ Х 1","43431","100","5.17",""
"36525","АФИА КАРНОБАТ","ЕЛГИДИУМ ПЗ.ТАЙМЕР ПАСТА ЗА ЗЪБИ 50МЛ.","43434","81","5.88",""
"36525","АФИА КАРНОБАТ","ОМАЛГИН тбл.500мг.х20","43468","96","1.05",""
"36525","АФИА КАРНОБАТ","EVENT бебешки кърпи АЛОЕ 20бр","43620","84","0.64",""
"36525","АФИА КАРНОБАТ","EVENT бебе кърпи АЛОЕ 72","43624","84","1.10",""
"36525","АФИА КАРНОБАТ","ЛАРА САПУН 375 МЛ. МАЛИНА","43778","83","1.38",""
"36525","АФИА КАРНОБАТ","ЛАРА САПУН 375 МЛ. ЛАЙМ","43780","83","1.38",""
"36525","АФИА КАРНОБАТ","САПУН ПРОЛЕТ","43850","83","1.78",""
"36525","АФИА КАРНОБАТ","ЛАКАЛУТ ПЗ. АКТИВ  ПЛЮС 75мл","43910","81","4.89",""
"36525","АФИА КАРНОБАТ","ЕЛГИДИУМ ПЗ.ЧУВСТВИТЕЛНИ ВЕНЦИ 100МЛ.BIO","43921","81","8.90",""
"36525","АФИА КАРНОБАТ","КЕТАЛГО 50МГ ГРАНУЛИ ЗА ПЕРОРАЛЕН Р-Р В САШЕ Х 12","43979","94","6.83",""
"36525","АФИА КАРНОБАТ","БЕБО ВЛ.КЪРПИЧКИ С 99% ВОДА х 15БР.","44040","84","0.61",""
"36525","АФИА КАРНОБАТ","БЕБО ULTRA SOFT 80бр. ПЛЪТНИ ВЛ. КЪРПИЧКИ х12","44053","84","1.72",""
"36525","АФИА КАРНОБАТ","СЛЪНЧО КАША 4мес. БАНАНОВО ЯБЪЛКОВА млечна 200г.","44061","63","2.37",""
"36525","АФИА КАРНОБАТ","МОКРИ ПОЧИСТВАЩИ КЪРПИ FAMILY СЕПТОНА 100бр с капак","44073","84","1.82",""
"36525","АФИА КАРНОБАТ","ВЛ. КЪРПИ LARA  ЗА ВЪЗРАСТНИ 50 БР.","44255","84","1.68",""
"36525","АФИА КАРНОБАТ","ИБУПРОМ СПРИНТ МАКС капс.400мг.х20","44304","94","8.48",""
"36525","АФИА КАРНОБАТ","ВЛ.КЪРПИ СЕПТОНА  БЕБЕ ЛАЙКА 80бр с капак","44306","84","1.82",""
"36525","АФИА КАРНОБАТ","ВЛ.КЪРПИ EVENT WC КОКОС 60","44409","84","1.38",""
"36525","АФИА КАРНОБАТ","ВЛ.КЪРПИ EVENT WC ЛАЙКА 60","44410","84","1.38",""
"36525","АФИА КАРНОБАТ","ВЛ.КЪРПИ EVENT WC ЛАЙКА КИДС 60","44411","84","1.38",""
"36525","АФИА КАРНОБАТ","ВЛ.КЪРПИ EVENT WC ПАМУК И АЛОЕ 42","44412","84","1.38",""
"36525","АФИА КАРНОБАТ","ЧЕРВЕНА БОРОВИНКА филтър х20 FLOSANA","44484","72","1.17",""
"36525","АФИА КАРНОБАТ","ЧАЙ ЗА СЪРЦЕ филтър х20 Биопрограма","44545","72","1.00",""
"36525","АФИА КАРНОБАТ","СЕНСОДИН паста за зъби COMPLETE PROTECTION + 75МЛ","44620","81","7.76",""
"36525","АФИА КАРНОБАТ","АПТАМИЛ 1 800г ЦЕЗАРБИО","44651","65","24.49",""
"36525","АФИА КАРНОБАТ","АПТАМИЛ 2 800г ЦЕЗАРБИО","44652","65","23.72",""
"36525","АФИА КАРНОБАТ","КСАЛЕРГАН 5МГ ФИЛМ.ТАБЛ. Х 20","44775","100","8.01",""
"36525","АФИА КАРНОБАТ","САПУН КРИСПА МЕД+ГЛИЦЕРИН 75Г","44914","83","0.65",""
"36525","АФИА КАРНОБАТ","ЛАКАЛУТ ПЗ. МУЛТИ ЕФЕКТ ПЛЮС 75МЛ","44939","81","3.87","2.90"
"36525","АФИА КАРНОБАТ","ВЛ.КЪРПИ EVENT антиб.kids х 15 (сини)","45023","84","0.46",""
"36525","АФИА КАРНОБАТ","ВЛ.КЪРПИ EVENT антиб.kids х 15(розови)","45024","84","0.46",""
"36525","АФИА КАРНОБАТ","ДИКЛАК МАКС 5% ГЕЛ 150Г","45076","95","14.82",""
"36525","АФИА КАРНОБАТ","ЧАЙ БРОНХО ПАМ БУТИКОВА СЕРИЯ филтър х20","45122","72","4.10",""
"36525","АФИА КАРНОБАТ","СЕНСОДИН паста за зъби sensivity and gum  WHITE 75ml","45138","81","7.76",""
"36525","АФИА КАРНОБАТ","БОЧКО ВЛАЖНИ КЪРПИ ПАМУК И НЕВЕН КАПАК Х 84","45159","84","1.75",""
"36525","АФИА КАРНОБАТ","ВЛ.КЪРПИ СЕПТОНА  БЕБЕ АЛОЕ 60бр","45177","84","1.37",""
"36525","АФИА КАРНОБАТ","ЛАКАЛУТ ПЗ ПЪРФЕКТ УАЙТ 75МЛ","45353","81","3.87","2.90"
"36525","АФИА КАРНОБАТ","НОВАЛАК RICE AR мляко 400г.","45477","65","15.75",""
"36525","АФИА КАРНОБАТ","САПУН ЖЕН-ШЕН 60г.","45586","83","0.69",""
"36525","АФИА КАРНОБАТ","ИБУЛЕК 200МГ САШЕТА Х 10","45604","94","4.39",""
"36525","АФИА КАРНОБАТ","ВЛ. КЪРПИ LARA x 80 бр. лайка","45709","84","1.17",""
"36525","АФИА КАРНОБАТ","АКВАФРЕШ паста за зъби All in One Crystal  Whit 100ml","45747","81","2.85",""
"36525","АФИА КАРНОБАТ","ВЛ. КЪРПИ PAMPERS fresh clean  х 52","45874","84","1.53",""
"36525","АФИА КАРНОБАТ","АРОМА САПУН ТЕЧЕН WHITE BLOSSOM за чувст.кожа 400мл.+100мл.П","45917","83","1.69",""
"36525","АФИА КАРНОБАТ","ЧЗ ТРИЗА FOCUS SOFT","45930","80","0.90",""
"36525","АФИА КАРНОБАТ","ЧЗ ТРИЗА SMILE SOFT /SWISS CLEAN/","45931","80","0.86",""
"36525","АФИА КАРНОБАТ","ЧАЙ ФИЛТЪР AHMAD СПЕЦ.СЕЛ. БЕЗКОФЕИН x 20","45977","72","3.31",""
"36525","АФИА КАРНОБАТ","ИБУТОП КРЕМ 100 гр","46049","94","9.14",""
"36525","АФИА КАРНОБАТ","РЕСПИФОРТИН 600 MG ACETYLCYSTEINE, ЕФ. ТАБЛ. Х 10","46051","99","7.65",""
"36525","АФИА КАРНОБАТ","СЕНСОДИН паста за зъби антикариес 75ml","46150","81","5.50","3.85"
"36525","АФИА КАРНОБАТ","ВЛ.КЪРПИ EVENT антибакт. невен x30","46202","84","0.70",""
"36525","АФИА КАРНОБАТ","ПАРАБОЛ МАКС 400МГ КАПС. Х 10","46205","94","4.48",""
"36525","АФИА КАРНОБАТ","EVENT бебешки кърпи ВОДА  20бр","46233","84","0.64",""
"36525","АФИА КАРНОБАТ","EVENT бебешки кърпи ВОДА 60бр","46234","84","1.66",""
"36525","АФИА КАРНОБАТ","EVENT бебешки кърпи SOFT 3в1  20бр","46235","84","0.61",""
"36525","АФИА КАРНОБАТ","EVENT бебешки кърпи SOFT 3в1  84бр","46236","84","1.66",""
"36525","АФИА КАРНОБАТ","НОВАЛАК ALLERNOVA AR 400Г","46248","65","16.18",""
"36525","АФИА КАРНОБАТ","ТРАКТУС 600МГ ПРАХ ЗА ПЕРОРАЛЕН Р-Р В САШЕ Х 10","46321","99","6.47",""
"36525","АФИА КАРНОБАТ","СЕНСОДИН паста за зъби PRONAMEL JUNIOR 50ML.","46356","81","4.54",""
"36525","АФИА КАРНОБАТ","АНАЛГИН ТАБЛ.500МГ Х 30","46420","96","2.29",""
"36525","АФИА КАРНОБАТ","ИБУПРОМ ФОРТЕ 400МГ ФИЛМ.ТАБЛ. Х 12","46531","94","3.53",""
"36525","АФИА КАРНОБАТ","БЕБО ВЛ. КЪРПИЧКИ ЛАЙКА  15бр","46594","84","0.46",""
"36525","АФИА КАРНОБАТ","ТЕО БЕБЕ МОКРИ КЪРПИЧКИ ЛАВАНДУЛА 72 бр","46841","84","1.56",""
"36525","АФИА КАРНОБАТ","ВЛ.КЪРПИ PALOMITA БЕБЕ 72+28 С КАПАК","46845","84","1.52",""
"36525","АФИА КАРНОБАТ","ВЛ. КЪРПИ BABY BEBELAN 99.6% вода х 64","46924","84","1.89",""
"36525","АФИА КАРНОБАТ","ДИКЛАК 12 ЧАСА 23,2 мг/г гел 50гр","46946","95","8.58",""
"36525","АФИА КАРНОБАТ","ДИКЛАК 12 ЧАСА 2.32% мг/г 100гр","47003","95","11.74",""
"36525","АФИА КАРНОБАТ","ЧАЙ ЧЕРЕН ФИЛТЪР Х20 БИОПРОГРАМА","37135","72","0.80",""
"36525","АФИА КАРНОБАТ","ВЛ.КЪРПИ EVENT антибакт. невен x140","47097","84","2.05",""
"36525","АФИА КАРНОБАТ","БУСКОЛИЗИН обв. тб. 10мг х 30","47308","87","3.99","3.39"
"36525","АФИА КАРНОБАТ","ЕЛГИДИУМ ПЗ.DECAY PROTECTION  АНТИКАРИЕС 75ml","47347","81","7.21",""
"36525","АФИА КАРНОБАТ","ОЛИНТ DUO наз.спрей 1мг/мл.+50мг/мл.10мл.","47405","97","6.12",""
"36525","АФИА КАРНОБАТ","ВЛ.КЪРПИ EVENT антибакт. лайка x72","47433","84","1.10",""
"36525","АФИА КАРНОБАТ","АГИВА Гъба за баня сапун на перли Лайм FRUIT SALAD","47434","83","2.50",""
"36525","АФИА КАРНОБАТ","ОРОФАР ИНТЕНС 8,75МГ/ДОЗА СПРЕЙ 15МЛ","47436","98","7.65",""
"36525","АФИА КАРНОБАТ","ВЛ.КЪРПИ EVENT бебешки лайка x72","47437","84","1.10",""
"36525","АФИА КАРНОБАТ","ПЗ.БИЛКА МЕД 75 МЛ.","47443","81","2.36",""
"36525","АФИА КАРНОБАТ","САПУН EvBABY VIT.F 90г","47483","83","0.61",""
"36525","АФИА КАРНОБАТ","ДУЛКОЛАКС 10МГ СУПОЗИТОРИИ Х6","47553","88","5.86",""
"36525","АФИА КАРНОБАТ","БЕБО ВЛ.КЪРПИЧКИ НОВОРОДЕНО  64бр. С КАПАК","47635","84","1.82",""
"36525","АФИА КАРНОБАТ","СЕНСОДИН паста за зъби CLINICAL REPAIR 75ML","47644","81","7.76",""
"36525","АФИА КАРНОБАТ","ДЕВА DNB ШАМПОАН ХИНИН + АРГАН 500МЛ.","47849","82","2.19",""
"36525","АФИА КАРНОБАТ","АРОМА ШАМПОАН НАТУРАЛ АЛОЕ МЛЯКО 400мл.","47852","82","2.03",""
"36525","АФИА КАРНОБАТ","СЕНСОДИН паста за зъби PRONAMEL KIDS 2-6 50ML.","47904","81","4.54",""
"36525","АФИА КАРНОБАТ","ЧАЙ СЕНА АФИА  филтър","48050","72","1.99",""
"36525","АФИА КАРНОБАТ","ЧАЙ ЛАЙКА АФИА  филтър","48051","72","1.99",""
"36525","АФИА КАРНОБАТ","ЧАЙ ДЕТОКС И ИМУНИТЕТ АФИА  филтър","48052","72","1.99",""
"36525","АФИА КАРНОБАТ","ЧАЙ СЛАБИТЕЛЕН АФИА  филтър","48053","72","1.99",""
"36525","АФИА КАРНОБАТ","ВОЛТАРЕН 140МГ ЛЕЧЕБЕН ПЛАСТИР Х 5","48138","95","17.36","13.89"
"36525","АФИА КАРНОБАТ","ВЛ. КЪРПИ LARA АКВА 99,5% БИОРАЗГР. x 72 БР.","48158","84","1.69",""
"36525","АФИА КАРНОБАТ","ХИП 4 КОМБ.МЛ.МАЛКИ ДЕЦА 500 ГР.","48182","65","12.08",""
"36525","АФИА КАРНОБАТ","АВЕН CLEANANCE ПОЧИСТВАЩ САПУН 100ГР. AV","48307","83","7.63","5.57"
"36525","АФИА КАРНОБАТ","СТРЕПСИЛС ИНТЕНЗИВ МЕД И ЕВКАЛИПТ ТАБЛ. Х 16","48369","98","5.73",""
"36525","АФИА КАРНОБАТ","КЕТАЛГО 25мг 10 табл.","48378","94","5.14",""
"36525","АФИА КАРНОБАТ","АКВАФРЕШ паста за зъби PLUS VISIBLE WHITE 75МЛ.","48413","81","2.81","2.11"
"36525","АФИА КАРНОБАТ","АКВАФРЕШ паста за зъби PLUS FRESH FEEL 75МЛ.","48414","81","2.81","2.11"
"36525","АФИА КАРНОБАТ","СЕНСОДИН паста за зъбиЗ REPAIR & PROTECT WHITENING 75ML","48480","81","7.76",""
"36525","АФИА КАРНОБАТ","СЕНСОДИН паста за зъби CLINICAL REPAIR WHITE 75ML","48481","81","7.76",""
"36525","АФИА КАРНОБАТ","СЕНСОДИН паста за зъби COMPLETE PROTECTION WHITE 75ML","48482","81","7.76",""
"36525","АФИА КАРНОБАТ","ВЛ. КЪРПИ BABY BEBELAN ЛАЙКА+АЛОЕ с капак х 64","48486","84","1.53",""
"36525","АФИА КАРНОБАТ","ВЛ. КЪРПИ BABY BEBELAN СМРАДЛИКА+ЛАЙКА с капак х 64","48487","84","1.53",""
"36525","АФИА КАРНОБАТ","АКВАФРЕШ паста за зъби mild &minti 125 ml.","48514","81","2.69",""
"36525","АФИА КАРНОБАТ","БИЛКА НЕВЕН ШАМПОАН ЗА КОСА 400МЛ.","48554","82","3.33",""
"36525","АФИА КАРНОБАТ","МУСТЕЛА МОКРИ КЪРПИЧКИ С ВОДА БЕЗ ПАРФЮМ Х 60","48570","84","5.92",""
"36525","АФИА КАРНОБАТ","ЕЛГИДИУМ ЧЗ 4в1 S","48692","80","10.46",""
"36525","АФИА КАРНОБАТ","ЛАКСАКОДИЛ 5МГ СУ ТАБЛ. Х 30","48727","88","2.21",""
"36525","АФИА КАРНОБАТ","НОВАЛАК 1 адапт.мляк кърмач. 800г./0-6мес./","48740","65","19.44",""
"36525","АФИА КАРНОБАТ","ОКЛИС ЕКСПРЕС 400 мг x 10 сашети","48782","94","5.71",""
"36525","АФИА КАРНОБАТ","ЕНТЕРОЛ ФОРТЕ саше 500мг х 10","49046","89","9.82",""
"36525","АФИА КАРНОБАТ","ОКЛИС ЕКСПРЕС 400 мг x 20 сашети","49081","94","9.53",""
"36525","АФИА КАРНОБАТ","НУРОФЕН ЕКСПРЕС ФОРТЕ КОМПАКТ 400МГ КАПС. Х 10","49172","94","6.12",""
"36525","АФИА КАРНОБАТ","НУРОФЕН ЕКСПРЕС ФОРТЕ КОМПАКТ 400МГ КАПС. Х 20","49173","94","10.67",""
"36525","АФИА КАРНОБАТ","АКВАФРЕШ паста за зъби DEEP CLEAN WHITE RENEW 75ML","49246","81","3.52","2.64"
"36525","АФИА КАРНОБАТ","GERBER КАША МАНГО БАНАН 240ГР.","49265","63","3.79",""
"36525","АФИА КАРНОБАТ","GERBER КАША ЙОГ.БАН.КРУША 240ГР","49266","63","3.79",""
"36525","АФИА КАРНОБАТ","GERBER 2929 ПЮРЕ СУПА КАРФИОЛ И ЗАЕК 190","49272","64","1.74",""
"36525","АФИА КАРНОБАТ","GERBER 7214 ПЮРЕ ЗЕЛЕНЧ. С ТЕЛЕШКО И МАКАРОНИ 190ГР","49273","64","1.74",""
"36525","АФИА КАРНОБАТ","GERBER 7889 ПЮРЕ РИЗОТО ПУЙКА ЗЕЛ. 250ГР","49274","64","2.20",""
"36525","АФИА КАРНОБАТ","АДАПТ. МЛЯКО NAN 1 OPTIPRO 400ГР","49280","65","12.59",""
"36525","АФИА КАРНОБАТ","АДАПТ. МЛЯКО NAN 2 OPTIPRO 400ГР","49281","65","12.57",""
"36525","АФИА КАРНОБАТ","АДАПТ. МЛЯКО NAN 3 OPTIPRO 400ГР","49282","65","10.38",""
"36525","АФИА КАРНОБАТ","АДАПТ. МЛЯКО NAN COMFORT 400ГР","49283","65","15.08",""
"36525","АФИА КАРНОБАТ","ПАРАБОЛ МАКС 400МГ КАПС. Х 20","49296","94","8.63",""
"36525","АФИА КАРНОБАТ","НОВАЛАК 2 адапт.мляк кърмач. 800г./6-12мес./","49320","65","18.78",""
"36525","АФИА КАРНОБАТ","ОТОФИКС 40МГ/Г + 10МГ/Г КАПКИ ЗА УШИ 15МЛ Х 1","49354","101","3.88",""
"36525","АФИА КАРНОБАТ","СЕНСОДИН паста за зъби CAVITY  75ml","49375","81","5.10",""
"36525","АФИА КАРНОБАТ","ХИП 1 ORGANIC АДАПТ. МЛЯКО 600ГР.","49423","65","13.63",""
"36525","АФИА КАРНОБАТ","ХИП 2 ORGANIC АДАПТ. МЛЯКО 600ГР.","49424","65","13.63",""
"36525","АФИА КАРНОБАТ","СЕНСОДИН паста за зъби CAVITY + SENSITIVITY 75ml","49449","81","5.10",""
"36525","АФИА КАРНОБАТ","ЕФИЗОЛ ИНТЕНЗ 8,75МГ ТАБЛ. ЗА СМУЧЕНЕ Х 24","49588","98","6.39","5.56"
"36525","АФИА КАРНОБАТ","НОВАЛАК AR ДАЙДЖЕСТ+ АДАПТИР.МЛЯКО 400гр","49605","65","14.85",""
"36525","АФИА КАРНОБАТ","ЧАЙ С ЛАЙКА И АНАСОН БИО 20 ФИЛ.ПАК./MANZANILLA","49697","72","3.13",""
"36525","АФИА КАРНОБАТ","КУРАПРОКС ПЗ Enzycal 950;  10 ml","49711","81","2.39",""
"36525","АФИА КАРНОБАТ","МОБИЛАТ ЕМУЛГЕЛ 2,32% ГЕЛ 180Г Х 1","49715","95","19.10",""
"36525","АФИА КАРНОБАТ","АРОМА ШАМПОАН НАТУРАЛ ЯЙЧЕН 400мл.","49799","82","1.86",""
"51500","АФИА Т МАРКЕТ","ГЕЛОМИРТОЛ ФОРТЕ КАПС.300МГ Х 20","1336","99","8.64",""
"51500","АФИА Т МАРКЕТ","АЦЦ 200 ПРАХЧЕТА 200МГ Х 20","1338","99","6.97",""
"51500","АФИА Т МАРКЕТ","АЦЕТИЗАЛ  ТАБЛ. 500МГ Х 20 АК","1747","96","1.40",""
"51500","АФИА Т МАРКЕТ","АЛКА-ЗЕЛЦЕР ЕФ.ТАБЛ. 324МГ Х 10","1750","96","3.02",""
"51500","АФИА Т МАРКЕТ","БЕНАЛГИН ТАБЛ. Х 20","1767","96","2.86",""
"51500","АФИА Т МАРКЕТ","АЛЕРГОЗАН ДРАЖ. 25МГ Х 20","1896","91","3.71",""
"51500","АФИА Т МАРКЕТ","АЛМАГЕЛ СУСП. 170МЛ","2036","86","2.55",""
"51500","АФИА Т МАРКЕТ","БИЗАКОДИЛ СУПОЗ. 10МГ Х 6","2041","88","3.15",""
"51500","АФИА Т МАРКЕТ","БИЗАЛАКС ТАБЛ. 5 МГ Х 30","2043","88","2.44",""
"51500","АФИА Т МАРКЕТ","ФЕНОЛАКС ДРАЖ. 5МГ Х 30","2069","88","1.72",""
"51500","АФИА Т МАРКЕТ","ИМОДИУМ КАПС. 2МГ Х 6","2078","89","3.51",""
"51500","АФИА Т МАРКЕТ","СПАЗМАЛГОН ТАБЛ. Х 20","2096","87","3.82","3.63"
"51500","АФИА Т МАРКЕТ","ТАЛЦИД ТАБЛ. 500МГ Х 20","2099","86","4.19",""
"51500","АФИА Т МАРКЕТ","ОТИПАКС СОЛ. 15МЛ","2273","101","3.98",""
"51500","АФИА Т МАРКЕТ","ИБУТОП ГЕЛ 50ГР","2322","94","5.56",""
"51500","АФИА Т МАРКЕТ","РЕПАРИЛ ГЕЛ N 40Г","2341","95","6.12",""
"51500","АФИА Т МАРКЕТ","ВОЛТАРЕН ЕМУЛГЕЛ 1,16% 50ГР","2348","95","6.32","4.99"
"51500","АФИА Т МАРКЕТ","АЛЕРГОЗАН КРЕМ 18Г","2359","91","4.03",""
"51500","АФИА Т МАРКЕТ","АЛЕРГОЗАН УНГВ. 18Г","2360","91","4.02",""
"51500","АФИА Т МАРКЕТ","ЕКЗОДЕРИЛ 1%  КРЕМ 15ГР","2409","90","6.08",""
"51500","АФИА Т МАРКЕТ","ЕКЗОДЕРИЛ 1%  СОЛ. 10МЛ","2410","90","7.51",""
"51500","АФИА Т МАРКЕТ","ЙОДАСЕПТ УНГВ. 90Г","2430","92","4.60",""
"51500","АФИА Т МАРКЕТ","ЧАЙ САНИЕ СВЕТЛОЗЕЛЕН ФИЛТЪР Х 30TNT21","3089","72","3.54",""
"51500","АФИА Т МАРКЕТ","ЧАЙ УСПОКОИТЕЛЕН ФИЛТЪР 1,5ГР Х 20 ЕВЕЛИН","3090","72","2.25",""
"51500","АФИА Т МАРКЕТ","ЧАЙ БЕБЕЗАН ФИЛТЪР 1,5ГР Х 20 ЕВЕЛИН","3098","72","2.27",""
"51500","АФИА Т МАРКЕТ","ЧАЙ БРОНХОЛИН ФИЛТЪР Х 20 ЕВЕЛИН","3100","72","2.20",""
"51500","АФИА Т МАРКЕТ","АДАПТ. МЛЯКО ФРИЗОВОМ 400ГР","3115","65","12.37",""
"51500","АФИА Т МАРКЕТ","АДАПТ. МЛЯКО ФРИЗОЛАК 1 400ГР + ЛЪЖИЧКА","3118","65","9.28",""
"51500","АФИА Т МАРКЕТ","ЛАКАЛУТ ПЗ. АКТИВ 75мл","3429","81","3.87","2.90"
"51500","АФИА Т МАРКЕТ","АКВАФРЕШ паста за зъби детска 3-5 години little teeth","3433","81","3.52",""
"51500","АФИА Т МАРКЕТ","АДАПТ. МЛЯКО НАН НА 400Г 0-12 МЕСЕЦА","3638","65","13.29",""
"51500","АФИА Т МАРКЕТ","АКВАФРЕШ паста за зъби fresh&minty125ml синя","3930","81","2.69",""
"51500","АФИА Т МАРКЕТ","АНАЛГИН ТАБЛ. 500МГ 2 Х 10 СФ","4202","96","1.67",""
"51500","АФИА Т МАРКЕТ","ПАРОДОНТАКС паста за зъби F 75МЛ","4271","81","5.46",""
"51500","АФИА Т МАРКЕТ","ТРОМБО ASS 100МГ Х 30 ГЕРОТ","4322","96","1.38",""
"51500","АФИА Т МАРКЕТ","ДИКЛАК МАКС ГЕЛ 5% 50Г","4407","95","7.15",""
"51500","АФИА Т МАРКЕТ","ЛОПЕДИУМ КАПС. 2МГ Х 10","4440","89","3.56",""
"51500","АФИА Т МАРКЕТ","МИРТОЛ КАПС.120МГ Х 20","4966","99","4.80",""
"51500","АФИА Т МАРКЕТ","ЕЛГИДИУМ ПЗ.АНТИПЛАКА 75ml","5207","81","6.53",""
"51500","АФИА Т МАРКЕТ","НУРОФЕН ТАБЛ. 200МГ Х 12","5237","94","3.39",""
"51500","АФИА Т МАРКЕТ","ЕЛГИДИУМ ПЗ.ИЗБЕЛВАЩА 75ml","5605","81","7.21",""
"51500","АФИА Т МАРКЕТ","ДАВ сапун exfoliating 100g","5666","83","1.31",""
"51500","АФИА Т МАРКЕТ","НУРОФЕН СУСП. 100МГ/5МЛ 100МЛ /ПОРТОКАЛ/","5803","94","4.54",""
"51500","АФИА Т МАРКЕТ","ДАВ сапун original cream bar 100g","5857","83","1.73",""
"51500","АФИА Т МАРКЕТ","ЕУСЕРИН ph5.5 сапун за чувств.кожа","6078","83","4.08",""
"51500","АФИА Т МАРКЕТ","КСИЗАЛ ТАБЛ. 5МГ Х 20","6448","100","11.23",""
"51500","АФИА Т МАРКЕТ","КСИЗАЛ ТАБЛ. 5МГ Х 7","6502","100","4.49",""
"51500","АФИА Т МАРКЕТ","ПСИЛО-БАЛСАМ ГЕЛ 20ГР","6551","91","5.93",""
"51500","АФИА Т МАРКЕТ","АСПИРИН ПРОТЕКТ ТАБЛ. 100МГ Х 40","6576","96","3.06",""
"51500","АФИА Т МАРКЕТ","ПАРОДОНТАКС паста за зъби КЛАСИК /БЕЗ ФЛУОРИД/ 75МЛ","7138","81","5.46",""
"51500","АФИА Т МАРКЕТ","КАЛМАБЕН ТАБЛ. Х 10","7500","91","3.13",""
"51500","АФИА Т МАРКЕТ","МУКОНАЗАЛ ПЛЮС СПРЕЙ 10МЛ","7593","97","6.43",""
"51500","АФИА Т МАРКЕТ","КАЛМАБЕН ТАБЛ. Х 20","7600","91","5.52",""
"51500","АФИА Т МАРКЕТ","АКВАФРЕШ четка за зъби standart family","8489","80","0.96",""
"51500","АФИА Т МАРКЕТ","ХЕКСАЛГИН СОЛ.500МГ/МЛ 20МЛ","8491","96","5.31",""
"51500","АФИА Т МАРКЕТ","КЕТОЗАЛ ШАМПОАН 2% 60МЛ   Х","8533","90","7.11","6.40"
"51500","АФИА Т МАРКЕТ","НУРОФЕН ФОРТЕ ТАБЛ.400МГ Х 12","8703","94","4.59",""
"51500","АФИА Т МАРКЕТ","СТРЕПСИЛС ИНТЕНЗИВ ТАБЛ. Х 16","9302","98","5.57",""
"51500","АФИА Т МАРКЕТ","ДИАЛГИН САШЕТИ 1000МГ Х 20 ХИМАКС","9395","96","7.37",""
"51500","АФИА Т МАРКЕТ","ЕЛГИДИУМ ЧЗ.КЛИНИК антиплака S","9696","80","5.95",""
"51500","АФИА Т МАРКЕТ","ДАВ сапун fresh touch 100g","9715","83","1.31",""
"51500","АФИА Т МАРКЕТ","АДАПТ. МЛЯКО ФРИЗО 3 400Г","9775","65","8.10",""
"51500","АФИА Т МАРКЕТ","ЧАЙ ЗА ДИАБЕТИЦИ С КАНЕЛА Ф.20 БИОПРОГРАМА","10065","72","1.00",""
"51500","АФИА Т МАРКЕТ","ДУЛКОЛАКС ПИКО КАПКИ 7,5МГ 15МЛ","10072","88","5.86",""
"51500","АФИА Т МАРКЕТ","ЛАКАЛУТ ПЗ. ИЗБЕЛВАЩА 75МЛ","10221","81","3.87","2.90"
"51500","АФИА Т МАРКЕТ","НУРОФЕН СУСП. 100МГ/5МЛ 100МЛ /ЯГОДА/","10248","94","4.54",""
"51500","АФИА Т МАРКЕТ","БОЧКО САПУН СМРАДЛИКА 75ГР.","10384","83","0.99",""
"51500","АФИА Т МАРКЕТ","ФАМОТИДИН АЛКАЛОИД ТАБЛ. 20МГ Х 20","10842","86","0.97",""
"51500","АФИА Т МАРКЕТ","ВОЛТАРЕН ЕМУЛГЕЛ 1,16% 100ГР","10916","95","10.16","7.99"
"51500","АФИА Т МАРКЕТ","ДИАРОСТАД КАПС. x 10","11014","89","3.36",""
"51500","АФИА Т МАРКЕТ","АКВАФРЕШ четка за зъби DUO clean & flex MEDIUM","11125","80","2.69",""
"51500","АФИА Т МАРКЕТ","СТОПЕРАН КАПС.2МГ Х 8","11131","89","3.27",""
"51500","АФИА Т МАРКЕТ","ЧАЙ ПРИ ГРИП И ПРОСТУДА/СТУД И ЗИМА БИПРОГРАМА","11229","72","1.00",""
"51500","АФИА Т МАРКЕТ","БИОТРЕЙД  АКНЕ АУТ САПУН 100Г","12382","83","6.12",""
"51500","АФИА Т МАРКЕТ","БЕНАЛГИН ТАБЛ. Х 10","12604","96","1.70",""
"51500","АФИА Т МАРКЕТ","ДЕРМОДРИН МАЗ 30ГР","12712","91","3.98",""
"51500","АФИА Т МАРКЕТ","НИЯ САПУН КАТРАНЕН 60ГР","12713","83","0.69",""
"51500","АФИА Т МАРКЕТ","НИЯ САПУН СЕРЕН 60ГР","12714","83","0.69",""
"51500","АФИА Т МАРКЕТ","КСИЗАЛ СОЛ. 5МГ/МЛ 20МЛ","12842","100","5.50",""
"51500","АФИА Т МАРКЕТ","НАЗИК НАЗ.СПРЕЙ ЗА ДЕЦА 10МЛ","12996","97","4.74",""
"51500","АФИА Т МАРКЕТ","ЗЕНАРО ТАБЛ. 5МГ Х 7","13003","100","3.57",""
"51500","АФИА Т МАРКЕТ","МИГ-400 ТАБЛ. 400МГ Х 10","13010","94","2.54",""
"51500","АФИА Т МАРКЕТ","ДИКЛАК МАКС ГЕЛ 5% 100Г","13113","95","8.94",""
"51500","АФИА Т МАРКЕТ","ПАРОДОНТАКС паста за зъби WHITENING 75МЛ","13119","81","5.46",""
"51500","АФИА Т МАРКЕТ","ПРОАЛГИН ТАБЛ. 500МГ Х 20","13407","96","1.28",""
"51500","АФИА Т МАРКЕТ","ФЕЛОРАН гел 1% - 60g  Софарма","13428","95","4.29","3.65"
"51500","АФИА Т МАРКЕТ","НАЗИК НАЗ.СПРЕЙ 10МЛ","13740","97","6.48",""
"51500","АФИА Т МАРКЕТ","АКВАФРЕШ паста за зъби junior 6+ 50ml","13940","81","3.52",""
"51500","АФИА Т МАРКЕТ","РУВЕКСИН ТАБЛ. 325МГ Х 100","13945","96","2.96",""
"51500","АФИА Т МАРКЕТ","АДАПТ. МЛЯКО НАН ОПТИПРО 1 800Г","14239","65","22.85",""
"51500","АФИА Т МАРКЕТ","ЧАЙ БРОНХО ПАМ С ЕХИНАЦЕЯ /ЗЕЛЕН/ ФИЛТЪР Х 30","14306","72","3.63",""
"51500","АФИА Т МАРКЕТ","АСТЕРА PARODONT ACTIVE п.за зъби 75мл.","14726","81","3.21",""
"51500","АФИА Т МАРКЕТ","ПЗ.БИЛКА дент пародонт експерт 75ml","14893","81","2.36",""
"51500","АФИА Т МАРКЕТ","АНАЛГИН ХИН ТАБЛ. 250МГ Х 10","15006","96","1.89",""
"51500","АФИА Т МАРКЕТ","ИМОМЕД ТАБЛ. 2МГ Х 10","15176","89","2.68",""
"51500","АФИА Т МАРКЕТ","СИАФЕН СУСП.100МГ/5МЛ 120МЛ","15215","94","3.61",""
"51500","АФИА Т МАРКЕТ","ДИКЛАК ГЕЛ 1% 50Г","15243","95","6.13",""
"51500","АФИА Т МАРКЕТ","ЛАКАЛУТ ЧЗ. АКТИВ","15427","80","3.87","2.90"
"51500","АФИА Т МАРКЕТ","КАФЕТИН МЕНСТРУАЛ ТАБЛ. 200МГ  Х 10","15432","94","3.26",""
"51500","АФИА Т МАРКЕТ","НУРОФЕН ЕКСПРЕС КАПС. 200МГ Х 10","15451","94","4.59",""
"51500","АФИА Т МАРКЕТ","ДАВ сапун men fresh 100g","15469","83","1.31",""
"51500","АФИА Т МАРКЕТ","АЦЕТИЗАЛ КАРДИО ТАБЛ. 100МГ Х 30","15483","96","1.99",""
"51500","АФИА Т МАРКЕТ","ЕЛГИДИУМ ПЗ. brilliance /за интенз.избелване/","15549","81","8.48",""
"51500","АФИА Т МАРКЕТ","ЕЛГИДИУМ ПЗ.ДЕТСКА bubbles 7-12г 50ml","15613","81","5.09",""
"51500","АФИА Т МАРКЕТ","ЕЛГИДИУМ ПЗ.ДЕТСКА г.плодове 50ml","15614","81","5.09",""
"51500","АФИА Т МАРКЕТ","НИЯ САПУН С ХУМА 60ГР","15629","83","0.69",""
"51500","АФИА Т МАРКЕТ","НУРОФЕН ТАБЛ. 200МГ Х 24","15634","94","5.78",""
"51500","АФИА Т МАРКЕТ","ЙОДАСЕПТ УНГВ. 40Г","15692","92","3.05",""
"51500","АФИА Т МАРКЕТ","ЧАЙ ФИТОЛЕК ГИНКО Х20","15693","72","2.00",""
"51500","АФИА Т МАРКЕТ","ЧАЙ ФИТОЛЕК ЕЛЕГАНС Х20","15695","72","2.00",""
"51500","АФИА Т МАРКЕТ","ЧАЙ ФИТОЛЕК ИМУНО Х20","15696","72","2.00",""
"51500","АФИА Т МАРКЕТ","ЧАЙ ФИТОЛЕК КАРДИО Х20","15697","72","2.00",""
"51500","АФИА Т МАРКЕТ","ЧАЙ ФИТОЛЕК ПРОСТАТА Х 20","15699","72","2.00",""
"51500","АФИА Т МАРКЕТ","ЧАЙ ФИТОЛЕК РЕЛАКС Х 20","15700","72","2.00",""
"51500","АФИА Т МАРКЕТ","ЧАЙ ФИТОЛЕК СЛАБИТЕЛЕН Х 20","15701","72","2.00",""
"51500","АФИА Т МАРКЕТ","ЧАЙ ФИТОЛЕК УРО Х20","15702","72","2.00",""
"51500","АФИА Т МАРКЕТ","ЧАЙ ФИТОЛЕК ФАРИНГО Х 20","15703","72","2.00",""
"51500","АФИА Т МАРКЕТ","ДУЛКОЛАКС ТАБЛ. 5МГ Х 30","15745","88","5.86",""
"51500","АФИА Т МАРКЕТ","ЧАЙ МЕЧО ГРОЗДЕ ФИЛТЪР Х 20 БИОПРОГРАМА","15811","72","1.00",""
"51500","АФИА Т МАРКЕТ","ДИАЛГИН ДЖУНИЪР САШЕ 250МГ Х 5 ХИМАКС","16102","96","1.89",""
"51500","АФИА Т МАРКЕТ","ГЛИМБАКС ОРАЛ 200МЛ","16307","95","9.36",""
"51500","АФИА Т МАРКЕТ","ДАВ сапун supreme creme oil  100г","16326","83","1.31",""
"51500","АФИА Т МАРКЕТ","АЦЕТИЗАЛ КАРДИО ТАБЛ. 100МГ Х 100","16331","96","5.99",""
"51500","АФИА Т МАРКЕТ","СЕНСОДИН паста за зъби REPAIR 75ml","16533","81","7.76",""
"51500","АФИА Т МАРКЕТ","МИГ ЗА ДЕЦА СИРОП 20МГ/МЛ 100МЛ","16551","94","3.76",""
"51500","АФИА Т МАРКЕТ","АЦЕТИЗАЛ КАРДИО ТАБЛ. 75МГ Х 100","16734","96","4.73",""
"51500","АФИА Т МАРКЕТ","БОЧКО САПУН ЛАЙКА 75ГР","16793","83","0.99",""
"51500","АФИА Т МАРКЕТ","АПИРИ ТАБЛ. 100МГ Х 30","16840","96","1.93",""
"51500","АФИА Т МАРКЕТ","ЕЛГИДИУМ ПЗ.СЕНЗИТИВ 75ml","16988","81","6.63",""
"51500","АФИА Т МАРКЕТ","ВОЛТАРЕН ФОРТЕ ГЕЛ 2,32% 50ГР","17051","95","8.96","6.99"
"51500","АФИА Т МАРКЕТ","ЧАЙ БАБИНИ ЗЪБИ ФИЛТЪР Х 20 БИОПРОГРАМА","17074","72","1.19",""
"51500","АФИА Т МАРКЕТ","ЛАКАЛУТ ПЗ. УАЙТ И РИПЕЪР 75МЛ","17078","81","4.89","3.67"
"51500","АФИА Т МАРКЕТ","ДИАЛГИН САШЕТИ 500МГ Х 20 ХИМАКС","17543","96","6.77",""
"51500","АФИА Т МАРКЕТ","ОТИРЕЛАКС СОЛ. 15МЛ","17705","101","4.06",""
"51500","АФИА Т МАРКЕТ","АДАПТ. МЛЯКО ФРИЗОЛАК 2  400ГР + ЛЪЖИЧКА","17765","65","9.08",""
"51500","АФИА Т МАРКЕТ","АКВАФРЕШ паста за зъби fresh&minty  синя 75ml","17840","81","2.03","1.62"
"51500","АФИА Т МАРКЕТ","ЛАКАЛУТ ПЗ. АКТИВ ХЕРБАЛ 75МЛ","17989","81","3.87","2.90"
"51500","АФИА Т МАРКЕТ","ПАРОДОНТАКС паста за зъби EXTRA FRESH 75МЛ","18011","81","5.46",""
"51500","АФИА Т МАРКЕТ","ЕЛГИДИУМ ПЗ.ДЕТСКА свежа ягода 50ml","18223","81","5.09",""
"51500","АФИА Т МАРКЕТ","ЧАЙ ФИТОЛЕК ГАСТРО Х20","18338","72","2.00",""
"51500","АФИА Т МАРКЕТ","ЕЛГИДИУМ ПЗ.АНТИКАРИЕС 75ml","18398","81","6.07",""
"51500","АФИА Т МАРКЕТ","СЕНСОДИН паста за зъби PROTECT&REPAIR WHITENING 75МЛ","18419","81","6.80",""
"51500","АФИА Т МАРКЕТ","НУРОФЕН ЕКСПРЕС ФОРТЕ КАПС. 400МГ Х 10","18430","94","5.43",""
"51500","АФИА Т МАРКЕТ","ЧАЙ ВЪЛШЕБНИК филтър х20 БИОПРОГРАМА","18452","72","1.25",""
"51500","АФИА Т МАРКЕТ","ЧАЙ МАТОЧИНА ФИЛТЪР Х16 БИЛЕК","18583","72","1.56",""
"51500","АФИА Т МАРКЕТ","ЧАЙ БРОНХОЛЕК ГРЪДЕН Ф.Х 16","18584","72","1.68",""
"51500","АФИА Т МАРКЕТ","ЛАКТАНА БИО 1 адпт. мляко 600гр.","18647","65","18.52",""
"51500","АФИА Т МАРКЕТ","АНАЛГИН КАПКИ 500МГ/МЛ 20МЛ СФ","18658","96","3.22",""
"51500","АФИА Т МАРКЕТ","ЧАЙ ФИТОЛЕК ЛАКТО Х20","18690","72","2.00",""
"51500","АФИА Т МАРКЕТ","НУРОФЕН ФЕМИНА ФОРТЕ табл.х 12","18693","94","5.43",""
"51500","АФИА Т МАРКЕТ","ПЗ.БИЛКА дент експерт избелваща 75ml","18765","81","2.51",""
"51500","АФИА Т МАРКЕТ","ДАВ сапун go fresh restore 100g","18766","83","1.31",""
"51500","АФИА Т МАРКЕТ","ФЕЛОРАН ФОРТЕ ГЕЛ 5% 40ГР","18775","95","5.50","4.68"
"51500","АФИА Т МАРКЕТ","БИЗАКОДИЛ СОФАРМА СУПОЗ. 5МГ Х 6","18919","88","2.35",""
"51500","АФИА Т МАРКЕТ","БИОРИПЕЪР пз night repair 75ml","18969","81","4.55",""
"51500","АФИА Т МАРКЕТ","БИОРИПЕЪР пз Junior  ЯГОДА 50ml","18970","81","3.04",""
"51500","АФИА Т МАРКЕТ","ЧАЙ МЕНТА ФИЛТЪР Х 20 БИОПРОГРАМА","19084","72","0.96",""
"51500","АФИА Т МАРКЕТ","ЧАЙ ФИТОЛЕК ДИАБЕТ","19312","72","2.00",""
"51500","АФИА Т МАРКЕТ","БОЧКО САПУН НЕВЕН 75ГР","19341","83","0.99",""
"51500","АФИА Т МАРКЕТ","БОЧКО САПУН ЛАВАНДУЛА 75ГР","19342","83","0.99",""
"51500","АФИА Т МАРКЕТ","ЕЛГИДИУМ ЧЗ.diffusion S","19382","80","5.95",""
"51500","АФИА Т МАРКЕТ","ЕЛГИДИУМ ЧЗ.избелваща S","19392","80","6.34",""
"51500","АФИА Т МАРКЕТ","ЧАЙ БИОБРОНХО ФИЛТЪР Х 20 БИОПРОГРАМА","19513","72","1.00",""
"51500","АФИА Т МАРКЕТ","ЧАЙ ЛАЙКА ФИЛТЪР Х 20 БИОПРОГРАМА","19514","72","0.96",""
"51500","АФИА Т МАРКЕТ","ЧАЙ ЗА БЪБРЕЦИ ПО ЛАМБРЕВ Х 30","19519","72","2.69",""
"51500","АФИА Т МАРКЕТ","ЧАЙ ФИТОЛЕК БРОНХО Х 20","19624","72","2.00",""
"51500","АФИА Т МАРКЕТ","ЧАЙ ЦЯРЪ при бъбречни проблеми х 30","20221","72","3.39",""
"51500","АФИА Т МАРКЕТ","ЧАЙ ЦЯРЪ при кашлица и бронхит х 30","20223","72","3.39",""
"51500","АФИА Т МАРКЕТ","ЧАЙ ЦЯРЪ при киселини в стомаха х 30","20224","72","3.39",""
"51500","АФИА Т МАРКЕТ","ЧАЙ ЦЯРЪ при проблеми на жлъчката х 30","20225","72","3.39",""
"51500","АФИА Т МАРКЕТ","ЧАЙ ЦЯРЪ слабителен х 30","20226","72","3.39",""
"51500","АФИА Т МАРКЕТ","ЧАЙ ЦЯРЪ срещу лошия холестерол х 30","20227","72","3.39",""
"51500","АФИА Т МАРКЕТ","ИМОДИУМ ИНСТАНТ ОРОДИСП. ТАБЛ. 2МГ Х 6","20294","89","4.16",""
"51500","АФИА Т МАРКЕТ","ЧАЙ ЛЕКА НОЩ филтър х20 БИОПРОГРАМА","20307","72","0.80",""
"51500","АФИА Т МАРКЕТ","ДОЛОРЕН ТАБЛ. 200МГ Х 10","20458","94","1.55",""
"51500","АФИА Т МАРКЕТ","НИЯ САПУН КАТРАНЕН+БИЛКИ 60ГР.","20660","83","0.69",""
"51500","АФИА Т МАРКЕТ","ЧАЙ МАТОЧИНА ФИЛТЪР Х 20 БИОПРОГРАМА","20755","72","0.85",""
"51500","АФИА Т МАРКЕТ","ЧАЙ РОДОПСКИ филтър х20 БИОПРОГРАМА","20757","72","0.80",""
"51500","АФИА Т МАРКЕТ","ЧАЙ КАРКАДЕ ФИЛТЪР Х20 АЛИН","20762","72","0.97",""
"51500","АФИА Т МАРКЕТ","ЧАЙ ОТСЛАБВАНЕ филтър х20 БИОПРОГРАМА","20796","72","1.00",""
"51500","АФИА Т МАРКЕТ","ХИП 1 COMBIOTIK адапт.мляко 300г.","20833","64","10.21",""
"51500","АФИА Т МАРКЕТ","ГЪМ четка за зъби technique soft","20848","80","3.33",""
"51500","АФИА Т МАРКЕТ","ВЛ. КЪРПИ BABY BEBELAN СМРАДЛИКА+ЛАЙКА с капак х80","20866","84","1.94",""
"51500","АФИА Т МАРКЕТ","А-ДЕРМА дерматологичен сапун с екстракт от Риалба","21054","83","7.54",""
"51500","АФИА Т МАРКЕТ","ГЪМ четка за зъби activital soft","21076","80","4.85",""
"51500","АФИА Т МАРКЕТ","АЦЦ ЗА ДЕЦА СОЛ 20МГ/МЛ ПЕРОРАЛЕН Р-Р 100МЛ","21657","99","6.85",""
"51500","АФИА Т МАРКЕТ","ДИАЛГИН САШЕТА 1000МГ Х 6 ХИМАКС","21780","96","2.46",""
"51500","АФИА Т МАРКЕТ","ДОЛОРЕН ТАБЛ. 400МГ Х 12","21854","94","2.55",""
"51500","АФИА Т МАРКЕТ","НИЯ САПУН П-В АКНЕ НЕВЕН 60ГР","21884","83","0.69",""
"51500","АФИА Т МАРКЕТ","НИЯ САПУН П-В АКНЕ СМРАДЛИКА 60ГР","21885","83","0.69",""
"51500","АФИА Т МАРКЕТ","САПУН БИРЕН 70г","21886","83","0.69",""
"51500","АФИА Т МАРКЕТ","ЛАКТАНА БИО 2 адпт. мляко 600гр.","21904","65","18.52",""
"51500","АФИА Т МАРКЕТ","ЕЛГИДИУМ ПЗ.АНТИПЛАКА 100ml","21972","81","7.68",""
"51500","АФИА Т МАРКЕТ","АДАПТ. МЛЯКО АПТАМИЛ AR 400ГР","22022","65","14.15",""
"51500","АФИА Т МАРКЕТ","ЧАЙ ФИЛТЪР AHMAD ЧЕРЕН ЧАЙ АНГЛИЙСКА ЗАКУСКА х 20","22072","72","2.95",""
"51500","АФИА Т МАРКЕТ","ЧАЙ ФИЛТЪР AHMAD ЧЕРЕН ЧАЙ ЪРЛ ГРЕЙ х 20","22073","72","2.95",""
"51500","АФИА Т МАРКЕТ","АПТАМИЛ Premature за недоносени деца 400г","22085","65","14.05",""
"51500","АФИА Т МАРКЕТ","АДАПТ. МЛЯКО АПТАМИЛ  БЕЗ ЛАКТОЗА 400ГР","22123","65","11.70",""
"51500","АФИА Т МАРКЕТ","ЧАЙ ЧЕРЕН БЪЗ ФИЛТЪР Х16 БИЛЕК","22353","72","1.68",""
"51500","АФИА Т МАРКЕТ","АЛМИРАЛ ГЕЛ 1,16% 50ГР","22445","95","5.59",""
"51500","АФИА Т МАРКЕТ","АДАПТ. МЛЯКО НАН КОМФОРТИС 1 800Г","22500","65","19.94",""
"51500","АФИА Т МАРКЕТ","ЕЛГИДИУМ ЧЗ.Inspiration S","22681","80","5.95",""
"51500","АФИА Т МАРКЕТ","ДИАЛГИН КАПКИ 500МГ/МЛ 20 МЛ","22854","96","4.18",""
"51500","АФИА Т МАРКЕТ","БОЧКО МОКРИ КЪРПИ ЛАВАНДУЛА Х 64","22865","84","1.20",""
"51500","АФИА Т МАРКЕТ","АДАПТ. МЛЯКО НАН 3 400Г","22871","65","11.43",""
"51500","АФИА Т МАРКЕТ","ИБУТОП КРЕМ 50ГР","22881","94","5.56",""
"51500","АФИА Т МАРКЕТ","ЗЕНАРО ТАБЛ. 5МГ Х 28","22923","100","9.70",""
"51500","АФИА Т МАРКЕТ","ЧАЙ ЛАЙКА ФИЛТЪР Х16 БИЛЕК","22966","72","1.61",""
"51500","АФИА Т МАРКЕТ","ЧАЙ МЕЧО ГРОЗДЕ ФИЛТЪР Х16 БИЛЕК","22967","72","1.61",""
"51500","АФИА Т МАРКЕТ","ТЕО БЕБЕ сапун лавандула 75гр","23016","83","0.86",""
"51500","АФИА Т МАРКЕТ","АДАПТ. МЛЯКО ФРИЗОЛАК ПЕП АС 400ГР","23483","65","15.13",""
"51500","АФИА Т МАРКЕТ","ВЛ. КЪРПИ BABY BEBELAN ЛАЙКА+АЛОЕ с капак х25","23700","84","0.61",""
"51500","АФИА Т МАРКЕТ","ВЛ. КЪРПИ BABY BEBELAN СМРАДЛИКА+ЛАЙКА с капак х25","23701","84","0.61",""
"51500","АФИА Т МАРКЕТ","ХИМАЛАЯ САПУН С НИЙМ И КУРКУМА 75ГР","23777","83","0.99",""
"51500","АФИА Т МАРКЕТ","ВЛ. КЪРПИ BABY BEBELAN НЕВЕН +ЛАЙКА с капак х80","24142","84","1.94",""
"51500","АФИА Т МАРКЕТ","ДАВ сапун кокос 100g","24213","83","1.31",""
"51500","АФИА Т МАРКЕТ","ЧАЙ ФИЛТЪР AHMAD РОЙБОС/КАНЕЛАх 20","24333","72","2.71",""
"51500","АФИА Т МАРКЕТ","ШАМПОАН ХИНИН 500мл.","24460","82","2.66",""
"51500","АФИА Т МАРКЕТ","СТРЕПСИЛС ИНТЕНЗИВ спрей 8.75 mg/dose 15мл","24723","98","8.06",""
"51500","АФИА Т МАРКЕТ","ЕКЗОДЕРИЛ 1%  СОЛ. 20МЛ","25011","90","12.26",""
"51500","АФИА Т МАРКЕТ","САПУН АЛОЕ ВЕРА 60г.","25161","83","0.69",""
"51500","АФИА Т МАРКЕТ","НИЯ САПУН С КОПРИВА 60ГР.","25164","83","0.69",""
"51500","АФИА Т МАРКЕТ","НИЯ САПУН С НЕВЕН 60ГР.","25165","83","0.69",""
"51500","АФИА Т МАРКЕТ","АЦЕЦИС САШЕТА 200МГ Х 20","25316","99","5.10",""
"51500","АФИА Т МАРКЕТ","ЕЛГИДИУМ ПЗ.ДЕТСКА банан 2-6г 50ml","25335","81","5.09",""
"51500","АФИА Т МАРКЕТ","НИЯ САПУН СЪС СМРАДЛИКА 60ГР","25467","83","0.69",""
"51500","АФИА Т МАРКЕТ","АДАПТ. МЛЯКО ФРИЗО 4 400ГР","25541","65","8.63",""
"51500","АФИА Т МАРКЕТ","ЧАЙ МЕНТА ФИЛТЪР Х16 БИЛЕК","25623","72","1.61",""
"51500","АФИА Т МАРКЕТ","ЕЛГИДИУМ ПЗ.ИЗБЕЛВАЩА 75ml лимон","25713","81","7.21",""
"51500","АФИА Т МАРКЕТ","ЧАЙ ФИЛТЪР AHMAD ЧЕРЕН ЧАЙ ЦЕЙЛОН х 20","26073","72","2.95",""
"51500","АФИА Т МАРКЕТ","ЧАЙ ФИЛТЪР AHMAD ПЛОДОВ ПРАСКОВА/МАРАКУЯ  х 20","26074","72","2.95",""
"51500","АФИА Т МАРКЕТ","ЧАЙ ФИЛТЪР AHMAD ПЛОДОВ СЕЛЕКЦИЯ  х 20","26077","72","2.96",""
"51500","АФИА Т МАРКЕТ","АЦЕСАЛ ПРОТЕКТ 100МГ ТАБЛ. Х 40","26085","96","2.96","2.37"
"51500","АФИА Т МАРКЕТ","АДАПТ. МЛЯКО НАН ОПТИПРО 2 800Г","26094","65","20.34",""
"51500","АФИА Т МАРКЕТ","ЗЕРОТРОМБ ТАБЛ. 100МГ Х 30","26128","96","2.49",""
"51500","АФИА Т МАРКЕТ","АЦЦ ЕФ.ТАБЛ. 600МГ Х 10","26148","99","8.64","6.91"
"51500","АФИА Т МАРКЕТ","АКВАФРЕШ паста за зъби intense clean deep action 75 ml","26197","81","3.52","2.64"
"51500","АФИА Т МАРКЕТ","АКВАФРЕШ паста за зъби intense whitening 75 ml","26198","81","3.52","2.64"
"51500","АФИА Т МАРКЕТ","ПАРОДОНТАКС паста за зъби ultra clean 75 ml","26199","81","5.46",""
"51500","АФИА Т МАРКЕТ","НУРОФЕН СУСП. за юноши ягода 200 mg/5ml 100мл","26244","94","5.87",""
"51500","АФИА Т МАРКЕТ","ПАНАКТИВ СУСП. 100МГ/5МЛ 120МЛ","26363","94","3.57",""
"51500","АФИА Т МАРКЕТ","ХИМАЛАЯ САПУН  с краставица 75гр","26570","83","1.12",""
"51500","АФИА Т МАРКЕТ","АДАПТ. МЛЯКО НАН 3 800г","26639","65","19.42",""
"51500","АФИА Т МАРКЕТ","САПУН Докторски","26689","83","1.35",""
"51500","АФИА Т МАРКЕТ","ВЛ. КЪРПИ LARA x 120 бр. лайка","26780","84","1.52",""
"51500","АФИА Т МАРКЕТ","ВЛ. КЪРПИ LARA x 120 бр. гербер","26781","84","1.52",""
"51500","АФИА Т МАРКЕТ","ВЛ. КЪРПИ LARA x 120 бр. алое","26782","84","1.52",""
"51500","АФИА Т МАРКЕТ","ЛАКТАНА БИО 3 адпт. мляко 600гр.","26955","65","15.64",""
"51500","АФИА Т МАРКЕТ","ЧАЙ ЦЯР за пречистване на кръвта  Х30","27072","72","3.39",""
"51500","АФИА Т МАРКЕТ","ЧАЙ ЦЯРЪ ДИАБЕТИЦИ Х30","27159","72","3.39",""
"51500","АФИА Т МАРКЕТ","ИБУРАПИД 400МГ ТАБЛ. Х 10","27217","94","3.95",""
"51500","АФИА Т МАРКЕТ","АЗПИЗАЛ ТАБЛ. 325МГ Х 100","27261","96","2.72",""
"51500","АФИА Т МАРКЕТ","ЛАКАЛУТ ПЗ. АКТИВ 75ml + ЧЕТКA","27410","81","3.87",""
"51500","АФИА Т МАРКЕТ","ХИМАЛАЯ САПУН С МЕД И МЛЯКО 75ГР","27450","83","1.12",""
"51500","АФИА Т МАРКЕТ","НУРОФЕН СУСП. за юноши портокал 200 mg/5ml  100мл","27521","94","6.26",""
"51500","АФИА Т МАРКЕТ","ВЛ. КЪРПИ LARA x 120 бр. лавандула","27579","84","1.52",""
"51500","АФИА Т МАРКЕТ","ПЗ.БИЛКА дент хималайска сол","27618","81","2.22",""
"51500","АФИА Т МАРКЕТ","БИОРИПЕЪР пз Junior 6-12 mint 75 ml","27642","81","3.47",""
"51500","АФИА Т МАРКЕТ","ДИАЛГИН САШЕТА 500mg x 6","27974","96","2.36",""
"51500","АФИА Т МАРКЕТ","ВЛ. КЪРПИ LARA x 120 бр.фамилни + роза","28195","84","1.52",""
"51500","АФИА Т МАРКЕТ","ПЗ.БИЛКА дент хомеопатична дж.+лайм","28291","81","2.51",""
"51500","АФИА Т МАРКЕТ","ПЗ.БИЛКА дент хомеопатична мастиха","28292","81","2.51",""
"51500","АФИА Т МАРКЕТ","ЧАЙ ЦЯР при подагра Х30","28410","72","3.39",""
"51500","АФИА Т МАРКЕТ","ЧАЙ ЦЯР простатит  Х30","28411","72","3.39",""
"51500","АФИА Т МАРКЕТ","ЕКЗОДЕРИЛ 1%  КРЕМ 30ГР","28444","90","9.65",""
"51500","АФИА Т МАРКЕТ","АСПИРИН УЛТРА ТАБЛ. 500МГ Х 20","28454","96","4.72",""
"51500","АФИА Т МАРКЕТ","АСПИРИН УЛТРА ТАБЛ. 500МГ Х 8","28455","96","1.84",""
"51500","АФИА Т МАРКЕТ","ЧАЙ ФИТОЛЕК ЕХИНАЦЕЯ Х20","28467","72","2.00",""
"51500","АФИА Т МАРКЕТ","ХИМАЛАЯ САПУН С БАДЕМ 75ГР","28496","83","1.12",""
"51500","АФИА Т МАРКЕТ","ДЖОНСЪН шампоан лайка 300ml","28660","82","4.49",""
"51500","АФИА Т МАРКЕТ","СТРЕПСИЛС ИНТЕНЗИВ tabl. x 24","28694","98","8.06",""
"51500","АФИА Т МАРКЕТ","АДАПТ. МЛЯКО АПТАМИЛ ADC 400ГР","28964","65","14.57",""
"51500","АФИА Т МАРКЕТ","АЛМИРАЛ ГЕЛ 1,16% 250Г","28978","95","14.46",""
"51500","АФИА Т МАРКЕТ","ВЛ. КЪРПИ LARA x 120 бр.фамилни цитрус","29121","84","1.52",""
"51500","АФИА Т МАРКЕТ","ВЛ. КЪРПИ LARA x 120 бр. премиум","29122","84","1.52",""
"51500","АФИА Т МАРКЕТ","ИБУЛЕК 600МГ САШЕТА Х 10","29538","94","7.32",""
"51500","АФИА Т МАРКЕТ","АСТЕРА PARODONT STOP п.за зъби 75мл.","29847","81","3.21",""
"51500","АФИА Т МАРКЕТ","ВОЛТАРЕН ФОРТЕ ГЕЛ 2,32% 150ГР","29938","95","18.40","14.72"
"51500","АФИА Т МАРКЕТ","СЕНСОДИН паста за зъби RAPID RELIEF 75ml","30004","81","7.76",""
"51500","АФИА Т МАРКЕТ","БИОРИПЕЪР ПЗ PRO WHITE 75ml","30290","81","4.55",""
"51500","АФИА Т МАРКЕТ","ЧАЙ ЛИПА ФИЛТЪР Х16 БИЛЕК","30398","72","1.61",""
"51500","АФИА Т МАРКЕТ","АКАРД ТАБЛ. 75МГ Х 30","30443","96","2.25",""
"51500","АФИА Т МАРКЕТ","ЕЛГИДИУМ ПЗ.АНТИПЛАКА  50мл","30480","81","5.09",""
"51500","АФИА Т МАРКЕТ","СЛЪНЧО КАША 4мес. БАНАНОВА МЛЕЧНА безглутенова 200г.","30687","63","2.50",""
"51500","АФИА Т МАРКЕТ","ИБУЛЕК 400МГ САШЕТА Х 10","30698","94","5.85",""
"51500","АФИА Т МАРКЕТ","СЛЪНЧО КАША 6мес. БИСКВИТЕНО БАНАНОВА млечна 200г.","30699","63","2.65",""
"51500","АФИА Т МАРКЕТ","ЧАЙ ФИЛТЪР AHMAD ЧЕРЕН ЧАЙ АНГЛИЙСКИ X20","30753","72","2.95",""
"51500","АФИА Т МАРКЕТ","АНГАЛ МЕНТОЛ СПРЕЙ 2МГ/МЛ+0,5МГ/МЛ 30МЛ","30922","98","9.74",""
"51500","АФИА Т МАРКЕТ","АНГАЛ МЕНТОЛ ТАБЛ. ЗА СМУЧЕНЕ 5МГ/1МГ Х 24","30923","98","7.45",""
"51500","АФИА Т МАРКЕТ","БИОТРЕЙД  ПЮЪР СКИН ЧЕРЕН ДЕТОКС САПУН 100ГР","31073","83","6.45",""
"51500","АФИА Т МАРКЕТ","СЕНСОДИН четка за зъби gentle care soft","31111","80","4.89",""
"51500","АФИА Т МАРКЕТ","АЦЦ ДИРЕКТ ПРАХ 600МГ Х 10","31211","99","8.69","6.95"
"51500","АФИА Т МАРКЕТ","ВЛ. КЪРПИ LARA x 15 бр. VINTAGE MIX","31213","84","0.26",""
"51500","АФИА Т МАРКЕТ","АЛМИРАЛ ГЕЛ 1,16% 100Г","31255","95","7.60",""
"51500","АФИА Т МАРКЕТ","КСИВОЗАН ТАБЛ. 5МГ Х 10","31346","100","5.21",""
"51500","АФИА Т МАРКЕТ","ОВКО пюре сладък картоф 4+м, 100гр","31432","64","1.02",""
"51500","АФИА Т МАРКЕТ","ОВКО пюре манго с банани 4 м, 190 гр","31433","64","1.14",""
"51500","АФИА Т МАРКЕТ","ОВКО пюре ябълки и моркови 4м, 190гр","31436","64","0.96",""
"51500","АФИА Т МАРКЕТ","ОВКО пюре банан 4м, 190гр","31438","64","1.10",""
"51500","АФИА Т МАРКЕТ","ОВКО пюре манго 4м, 190 гр","31440","64","1.04",""
"51500","АФИА Т МАРКЕТ","ОВКО пюре сливи 4м , 190 гр","31441","64","1.10",""
"51500","АФИА Т МАРКЕТ","ОВКО пюре ябълки и праскови 4м, 190 гр","31442","64","1.15",""
"51500","АФИА Т МАРКЕТ","ОВКО пюре ябълки, кайсии, моркови 4м, 190 гр","31443","64","1.02",""
"51500","АФИА Т МАРКЕТ","ОВКО пюре ябълки, банани и праскови 4м, 190 гр","31444","64","1.10",""
"51500","АФИА Т МАРКЕТ","ОВКО  асорти градински плод 5м, 190 гр","31452","64","1.07",""
"51500","АФИА Т МАРКЕТ","ОВКО пюре тиква с ябълки и моркови 4м, 190гр","31454","64","0.99",""
"51500","АФИА Т МАРКЕТ","ОВКО пюре тиквички с картофи 4м, 190гр","31457","64","1.04",""
"51500","АФИА Т МАРКЕТ","ОВКО мл.каша ябълки и сливи с елда 5м, 190гр","31458","63","1.04",""
"51500","АФИА Т МАРКЕТ","ОВКО мл.каша ябълки, кайсии и овесени ядки 4м, 190гр","31462","63","1.14",""
"51500","АФИА Т МАРКЕТ","ОВКО мл.каша банан, ябълка и бисквити 4м, 190гр","31463","63","1.14",""
"51500","АФИА Т МАРКЕТ","ОВКО мл.каша ябълки,круши и бисквити 4м, 190гр","31464","63","1.14",""
"51500","АФИА Т МАРКЕТ","ОВКО пюре пуешко със зеленчуци 6м, 190гр","31465","64","1.21",""
"51500","АФИА Т МАРКЕТ","ОВКО пюре фин заек и пиле със зеленчуци 6м, 190гр","31467","63","1.53",""
"51500","АФИА Т МАРКЕТ","ОВКО пюре асорти със зеленчуци 4м, 190гр","31468","64","1.02",""
"51500","АФИА Т МАРКЕТ","ОВКО пюре зеленчукова супа с пиле и ориз 6м, 190гр","31469","64","1.26",""
"51500","АФИА Т МАРКЕТ","КЕТОНАЛ КАПС. 50МГ Х 20","31632","94","6.64",""
"51500","АФИА Т МАРКЕТ","ЛАКАЛУТ ПЗ. АНТИ КАРИЕС 75МЛ","32022","81","3.87","2.90"
"51500","АФИА Т МАРКЕТ","НУРОФЕН 7+ за юноши портокал 100мг  дъвч.капс. х 12","32268","94","5.76",""
"51500","АФИА Т МАРКЕТ","АКАРД ТАБЛ. 150МГ Х 30","32390","96","3.37",""
"51500","АФИА Т МАРКЕТ","АКВАФРЕШ паста за зъби fresh&minty  зелена 75ml","32655","81","2.03","1.62"
"51500","АФИА Т МАРКЕТ","МИГ ДЖУНИЪР СИРОП 40МГ/МЛ 100МЛ","32757","94","4.73",""
"51500","АФИА Т МАРКЕТ","АСТЕРА PARODONT ACTIVE ПОМОРИЙСКА ЛУГА п.за зъби 75мл.","32815","81","3.38",""
"51500","АФИА Т МАРКЕТ","ИБУПРОМ НАСТИНКА И ГРИП ЗА ДЕЦА ТАБЛ. 200МГ Х 10","32962","94","3.34",""
"51500","АФИА Т МАРКЕТ","АСТЕРА PARODONT ACTIVE АКТИВЕН ВЪГЛЕН п.за зъби 75мл.","32993","81","3.21",""
"51500","АФИА Т МАРКЕТ","БИОРИПЕЪР ЧЗ SOFT","33066","80","2.61",""
"51500","АФИА Т МАРКЕТ","АНАЛГИН МАКС САШЕ 1000МГ Х 6","33172","96","2.99","2.54"
"51500","АФИА Т МАРКЕТ","ХИП 1 COMBIOTIK адапт.мляко 800г.","33377","65","23.36",""
"51500","АФИА Т МАРКЕТ","ЕЛГИДИУМ ПЗ.мултифункционална 75ml","33411","81","7.21",""
"51500","АФИА Т МАРКЕТ","ЕЛГИДИУМ ПЗ. perioblock  care 75ml","33412","81","7.68",""
"51500","АФИА Т МАРКЕТ","ЕЛГИДИУМ ПЗ.успокояваща за раздразнени венци 75ml","33413","81","7.21",""
"51500","АФИА Т МАРКЕТ","ЛАКАЛУТ ПЗ. АКТИВ & УАЙТ С ЕНЗИМИ 75МЛ","33500","81","4.89",""
"51500","АФИА Т МАРКЕТ","ОВКО пюре зеленчуково 4м , 190 гр","33649","64","1.05",""
"51500","АФИА Т МАРКЕТ","НУРОФЕН лечебен пластир 200mg 2 броя","33678","94","7.40",""
"51500","АФИА Т МАРКЕТ","ИБУПРОМ СПРИНТ МАКС КАПС. 400МГ Х 10","33711","94","4.77",""
"51500","АФИА Т МАРКЕТ","ГЛИМБАКС 0.148 % СПРЕЙ 15ml","33779","95","10.35",""
"51500","АФИА Т МАРКЕТ","ПАРОДОНТАКС паста за зъби herbal 75ml","33794","81","5.46",""
"51500","АФИА Т МАРКЕТ","ПАРОДОНТАКС паста за зъби complete protection  white75ml","33795","81","6.58","4.74"
"51500","АФИА Т МАРКЕТ","ЗЕОЛИТ САПУН 100г.","33945","83","1.77",""
"51500","АФИА Т МАРКЕТ","ЕЛГИДИУМ ПЗ.ДЕТСКА сладка мента 7-12г 50ml","33996","81","5.29",""
"51500","АФИА Т МАРКЕТ","ХИП 2 COMBIOTIK адапт.мляко 800г.","34235","65","23.36",""
"51500","АФИА Т МАРКЕТ","ЧАЙ БЪЗ ЦВЯТ И ЛИМОН  филтър х20 БЧК","34436","72","1.12",""
"51500","АФИА Т МАРКЕТ","ВИТАСИН САПУН с Гераниево масло 70г.","34531","83","1.19",""
"51500","АФИА Т МАРКЕТ","АНАЛГИН МАКС САШЕ 1000МГ Х 20","34552","96","7.99","6.79"
"51500","АФИА Т МАРКЕТ","АПТАМИЛ Comfort 1  Pro Exp 0-6м. 400г","34575","65","13.49",""
"51500","АФИА Т МАРКЕТ","ЕЛГИДИУМ ПЗ.разкриваща плаката 50ml","34576","81","7.06",""
"51500","АФИА Т МАРКЕТ","ЧАЙ ЖЪЛТ КАНТАРИОН ФИЛТЪР Х16","34589","72","1.34",""
"51500","АФИА Т МАРКЕТ","АКВАФРЕШ паста за зъби ACTIVE WHITE 125ml","34623","81","2.69",""
"51500","АФИА Т МАРКЕТ","АКВАФРЕШ паста за зъби деца 9-12 75ml","34624","81","3.52",""
"51500","АФИА Т МАРКЕТ","ЧАЙ ФИЛТЪР AHMAD ЧЕРЕН ЧАЙ СПАЙС X20","34630","72","2.95",""
"51500","АФИА Т МАРКЕТ","АПТАМИЛ Comfort 2  Pro Exp 6+м. 400г","34632","65","13.44",""
"51500","АФИА Т МАРКЕТ","АДАПТ. МЛЯКО ФРИЗОЛАК LF 400ГР","34712","65","11.35",""
"51500","АФИА Т МАРКЕТ","ИБУПРОМ СПРИНТ 200МГ Х10","34772","94","3.92",""
"51500","АФИА Т МАРКЕТ","СТРЕПСИЛС ИНТЕНЗИВ ПОРТОКАЛ таблетки*16","34866","98","5.73",""
"51500","АФИА Т МАРКЕТ","ЧАЙ ЖЪЛТ КАНТАРИОН филтър х 20 БИОПРОГРАМА","34909","72","0.90",""
"51500","АФИА Т МАРКЕТ","ПАНАКТИВ ФОРТЕ СУСП. 200МГ/5МЛ 40МЛ","35058","94","2.83",""
"51500","АФИА Т МАРКЕТ","БЕНАЛГИН РАПИД ПРАХ ЗА ПЕРОР.Р-Р САШЕ Х 10","35202","96","3.92",""
"51500","АФИА Т МАРКЕТ","ЛАКАЛУТ ПЗ.СЕНЗИТИВ & УАЙТ С ЕНЗИМИ 75 МЛ.","35216","81","4.89",""
"51500","АФИА Т МАРКЕТ","СЕНСОДИН паста за зъби sensivity and gum 75ml","35268","81","7.76",""
"51500","АФИА Т МАРКЕТ","КЕТОНАЛ ИНТЕНЗИВ САШЕ 50МГ Х 12","35306","94","7.66",""
"51500","АФИА Т МАРКЕТ","ПЗ ПОМОРИН АКТИВ ПАРОДОНТИТ","35426","81","1.77",""
"51500","АФИА Т МАРКЕТ","ЧАЙ ФИЛТЪР AHMAD ХРАНОСМИЛАНЕ","35651","72","2.85",""
"51500","АФИА Т МАРКЕТ","ЧАЙ ФИЛТЪР AHMAD СЪН","35652","72","2.85",""
"51500","АФИА Т МАРКЕТ","ЕНТЕРОЛ прахчета 250мг.*20","35681","89","13.28",""
"51500","АФИА Т МАРКЕТ","АКВАФРЕШ паста за зъби splash деца 3-8 г.","35790","81","3.52",""
"51500","АФИА Т МАРКЕТ","АДАПТ. МЛЯКО АПТАМИЛ AR2 400ГР","35818","65","13.76",""
"51500","АФИА Т МАРКЕТ","ЕНТЕРОЛ КАПС. 250МГ Х 12","35837","89","6.94",""
"51500","АФИА Т МАРКЕТ","АРОМА САПУН АНТИБАКТЕРИАЛЕН ВЪГЛЕН 90г./ЧИСТО/","35860","83","1.07",""
"51500","АФИА Т МАРКЕТ","ФАРИНГОСЕПТ ТАБЛ. ЗА СМУЧЕНЕ 8,75МГ Х 20","35935","98","4.33",""
"51500","АФИА Т МАРКЕТ","ДИАЛГИН КИДС КАПКИ 500МГ/МЛ 20МЛ","36126","96","4.68",""
"51500","АФИА Т МАРКЕТ","СЛЪНЧО КАША 4мес. ЗЪРНИН М млечна 200г.","36180","63","2.50",""
"51500","АФИА Т МАРКЕТ","СЛЪНЧО КАША 4мес. ПШЕНИЧНО МЛЕЧНА 200г.","36181","63","2.56",""
"51500","АФИА Т МАРКЕТ","СЛЪНЧО КАША 4мес. СЛАДЪК СЪН ОРИЗ МЛЕЧНА безглутенова 200г.","36182","63","2.80",""
"51500","АФИА Т МАРКЕТ","ЛАРА САПУН 375 МЛ. КОКОС","36287","83","1.38",""
"51500","АФИА Т МАРКЕТ","ДАВ сапун РОЗОВ 100g","36301","83","1.31",""
"51500","АФИА Т МАРКЕТ","СЕНСОДИН четка за зъби advanced clean soft","36368","80","4.89",""
"51500","АФИА Т МАРКЕТ","Сапун КРИСПА ЧИСТ ГЛИЦЕРИН+НАР 100ГР","36369","83","1.21",""
"51500","АФИА Т МАРКЕТ","ТЕО БЕБЕ ВЛ.КЪРПИ SENSITIVE 72бр С КАПАК","36475","84","1.56",""
"51500","АФИА Т МАРКЕТ","ЕЛГИДИУМ ПЗ.SENSILEAVE 50 ml","36507","81","7.31",""
"51500","АФИА Т МАРКЕТ","АДАПТ. МЛЯКО НАН КОМФОРТИС 2 800Г","36547","65","19.94",""
"51500","АФИА Т МАРКЕТ","ОКЛИС ФОРТЕ САШЕ 600МГ Х 10","36596","94","6.47",""
"51500","АФИА Т МАРКЕТ","ВЛ. КЪРПИ BABY BEBELAN Сребърна вода х 60","36992","84","1.94",""
"51500","АФИА Т МАРКЕТ","ХИП 3 COMBIOTIK адапт.мляко 500г.","37010","65","12.82",""
"51500","АФИА Т МАРКЕТ","ИБУЛЕК ЗА ДЕЦА СУСП. 100МГ/5МЛ 120МЛ","37116","94","4.06",""
"51500","АФИА Т МАРКЕТ","СТРЕПСИЛС ИНТЕНЗИВ МЕД И ЛИМОН спрей 8.75 mg/dose 15мл","37130","98","8.06",""
"51500","АФИА Т МАРКЕТ","ЧАЙ ЛАЙКА,МЕД И ВАНИЛИЯ  филтър х20 БЧК","37136","72","1.20",""
"51500","АФИА Т МАРКЕТ","ЕНТЕРОЛ caps.250mg x 30","37242","89","15.24",""
"51500","АФИА Т МАРКЕТ","МУКОСОФТ САШЕТА 600МГ Х 10 АДИФАРМ","37406","99","6.12",""
"51500","АФИА Т МАРКЕТ","АНГЕТОП ТАБЛ. 500МГ Х 20","37425","96","1.13",""
"51500","АФИА Т МАРКЕТ","Омалгин, Omalgin перорални капки 500 мг/мл 20 мл","37663","96","3.37",""
"51500","АФИА Т МАРКЕТ","ЕЛГИДИУМ ПЗ. perioblock pro 50ml","37664","81","7.68",""
"51500","АФИА Т МАРКЕТ","ФЛУРБИМЕД МИНТ ТАБЛ. ЗА СМУЧЕНЕ 8,75МГ Х 20","37763","98","5.01",""
"51500","АФИА Т МАРКЕТ","ПАРОДОНТАКС четка за зъби COMPLETE PROTECTION SOFT","37832","80","6.58","4.94"
"51500","АФИА Т МАРКЕТ","ПЗ ПОМОРИН КЛАСИК","37897","81","1.29",""
"51500","АФИА Т МАРКЕТ","ПЗ ПОМОРИН АНТИПАРОДОНТИТ","37898","81","1.29",""
"51500","АФИА Т МАРКЕТ","ЕНТЕРОЛ прахчета 250мг*6","37915","89","4.54",""
"51500","АФИА Т МАРКЕТ","АЦЦ МЕД И ЛИМОН 600МГ САШЕТА Х 10","37930","99","8.69",""
"51500","АФИА Т МАРКЕТ","АКАРД тбл.75мг.х120","37940","96","8.06",""
"51500","АФИА Т МАРКЕТ","ПЗ.БИЛКА дент пародонт избелваща  75ml","37943","81","2.36",""
"51500","АФИА Т МАРКЕТ","НОВАЛАК 1 адапт.мляко кърмач.400гр/0-6м/","38153","65","10.21",""
"51500","АФИА Т МАРКЕТ","НОВАЛАК 2 адапт.мляк кърмач.400гр/6-12м/","38154","65","10.12",""
"51500","АФИА Т МАРКЕТ","НОВАЛАК 3 адапт.мляко преход.400гр/1-3г/","38155","65","9.85",""
"51500","АФИА Т МАРКЕТ","НОВАЛАК AC адапт.мляко колики400г/0-12м/","38156","65","13.12",""
"51500","АФИА Т МАРКЕТ","НОВАЛАК AR адапт.мл повръщане400г/0-12м/","38157","65","11.71",""
"51500","АФИА Т МАРКЕТ","НОВАЛАК IT адапт.мл при запек400г/0-12м/","38158","65","12.04",""
"51500","АФИА Т МАРКЕТ","МИЛОРОФЕН тбл.200мг.х10","38294","94","1.98",""
"51500","АФИА Т МАРКЕТ","ДИКЛОФЛЕКС гел 5% 50г.","38325","95","4.89",""
"51500","АФИА Т МАРКЕТ","АПИВИТА Шампоан за честа употреба 500мл","38464","82","15.61",""
"51500","АФИА Т МАРКЕТ","ЧАЙ Вечерен /лайка , копър , валериана/ 17 пак Yogi Tea","38478","72","4.06",""
"51500","АФИА Т МАРКЕТ","ПАРОДОНТАКС паста за зъби DUO  PACK CLASSIC 2x75ml","38619","81","6.19",""
"51500","АФИА Т МАРКЕТ","НУРОФЕН ЕКСПРЕС ФОРТЕ 400mg меки капсули *20","38658","94","9.69",""
"51500","АФИА Т МАРКЕТ","МУСТЕЛА сапун с колд крем 100г","38694","83","4.05",""
"51500","АФИА Т МАРКЕТ","ЛАКАЛУТ ПЗ. АКТИВ & СЕНЗИТИВ ПАСТА 75 МЛ","38744","81","4.89",""
"51500","АФИА Т МАРКЕТ","NATURE ROSES сапун 75 гр","38969","83","0.77",""
"51500","АФИА Т МАРКЕТ","NATURE ROSES сапун 75 гр бял","38970","83","0.77",""
"51500","АФИА Т МАРКЕТ","АЛЕРГОЗАН 1% КРЕМ 1Г/100ГР 60Г","39040","91","7.65",""
"51500","АФИА Т МАРКЕТ","ПАНАКТИВ BABY супоз.60мг.х5","39186","94","2.45",""
"51500","АФИА Т МАРКЕТ","ПАНАКТИВ BABY супоз.125мг.х5","39187","94","2.77",""
"51500","АФИА Т МАРКЕТ","ПСИЛО-БАЛСАМ ГЕЛ 50ГР","39352","91","8.12",""
"51500","АФИА Т МАРКЕТ","АКВАФРЕШ паста за зъби fresh&minty 50ml","39361","81","1.89","1.51"
"51500","АФИА Т МАРКЕТ","АКВАФРЕШ паста за зъби M&M  125мл","39363","81","2.30",""
"51500","АФИА Т МАРКЕТ","АКВАФРЕШ паста за зъби ACTIVE FRESH 125ml","39364","81","2.69",""
"51500","АФИА Т МАРКЕТ","КУРАПРОКС ПЗ Enzycal Zero 75мл","39624","81","6.43",""
"51500","АФИА Т МАРКЕТ","КУРАПРОКС ПЗ Enzycal 950 75мл","39625","81","6.43",""
"51500","АФИА Т МАРКЕТ","КУРАПРОКС ПЗ Enzycal 1450 75мл","39626","81","7.15",""
"51500","АФИА Т МАРКЕТ","КУРАПРОКС ПЗ [BE YOU] Daydreamer 60 МЛ","39627","81","12.26",""
"51500","АФИА Т МАРКЕТ","КУРАПРОКС ПЗ [BE YOU] Pure happiness  60 МЛ","39628","81","12.26",""
"51500","АФИА Т МАРКЕТ","КУРАПРОКС ПЗ [BE YOU] Explore 60 МЛ","39629","81","12.26",""
"51500","АФИА Т МАРКЕТ","КУРАПРОКС ПЗ [BE YOU] Candy lover 60 МЛ","39630","81","12.26",""
"51500","АФИА Т МАРКЕТ","ЮРИАЖ 1ER BEBE почистващ крем-сапун 100гр.","39661","83","6.69",""
"51500","АФИА Т МАРКЕТ","ВЛ.КЪРПИ EVENT антибакт. алое x15","39743","84","0.40",""
"51500","АФИА Т МАРКЕТ","ВЛ.КЪРПИ EVENT антибакт. невен x15","39744","84","0.40",""
"51500","АФИА Т МАРКЕТ","ВЛ.КЪРПИ EVENT антибакт. лавандула x15","39745","84","0.40",""
"51500","АФИА Т МАРКЕТ","ВЛ.КЪРПИ EVENT антибакт. мандарина x15","39746","84","0.40",""
"51500","АФИА Т МАРКЕТ","ВЛ.КЪРПИ EVENT антибакт. 20% алкохол x15","39747","84","0.49",""
"51500","АФИА Т МАРКЕТ","КУРАПРОКС ПЗ [BE YOU] Challenger  60 МЛ","39837","81","12.26",""
"51500","АФИА Т МАРКЕТ","ВЛ.КЪРПИ PUFIES WW SENSITIVE с капак 64 бр","40048","84","1.94",""
"51500","АФИА Т МАРКЕТ","КЕТАЛГО 50МГ ГРАНУЛИ ЗА ПЕРОРАЛЕН Р-Р В САШЕ Х 6","40084","94","4.35",""
"51500","АФИА Т МАРКЕТ","ОВКО пюре картофи с тиква 4м 190гр","40114","64","1.02",""
"51500","АФИА Т МАРКЕТ","ОВКО меню спагети болонезе 8м+ 220 гр","40115","64","1.48",""
"51500","АФИА Т МАРКЕТ","СЛЪНЧО КАША 6мес. БИСКВИТЕНА млечна с бифидус  200г.","40116","63","2.50",""
"51500","АФИА Т МАРКЕТ","СЛЪНЧО КАША 6мес. млечна ЕЛДА с плодове 200г.","40117","63","2.61",""
"51500","АФИА Т МАРКЕТ","ХИП 1 COMBIOTIK адапт.мляко 350г.","40138","65","11.35",""
"51500","АФИА Т МАРКЕТ","ВЛ.КЪРПИ EVENT антибакт. алое x72","40242","84","1.53",""
"51500","АФИА Т МАРКЕТ","ВЛ.КЪРПИ EVENT антибакт. мандарина x72","40243","84","1.53",""
"51500","АФИА Т МАРКЕТ","ВЛ.КЪРПИ EVENT антибакт. 20% алкохол x60","40244","84","1.64",""
"51500","АФИА Т МАРКЕТ","КУРАПРОКС ПЗ [BE YOU] Rising Star 60 МЛ","40279","81","12.26",""
"51500","АФИА Т МАРКЕТ","АГИВА вл. интимни кърпи","40508","84","0.79",""
"51500","АФИА Т МАРКЕТ","НИЗОРАЛ ШАМПОАН 2% 100МЛ","40549","90","13.69",""
"51500","АФИА Т МАРКЕТ","ВЛ. КЪРПИ PAMPERS sensitive х 52","40636","84","1.53",""
"51500","АФИА Т МАРКЕТ","ФЕЛОРАН ФОРТЕ ГЕЛ 5% 120 ГР СФ","40745","95","8.43","7.17"
"51500","АФИА Т МАРКЕТ","СЕНСОДИН паста за зъби Natural White с активен въглен","40897","81","5.50","3.85"
"51500","АФИА Т МАРКЕТ","БОЧКО ВЛАЖНИ КЪРПИ ПАМУК И ЛАЙКА КАПАК Х 84","40932","84","1.67",""
"51500","АФИА Т МАРКЕТ","ХИП АНТИРЕФЛУКС адапт .мляко 600 гр","41012","65","17.61",""
"51500","АФИА Т МАРКЕТ","ЕЛГИДИУМ ПЗ.ИЗБЕЛВАЩА 50ml","41029","81","5.47",""
"51500","АФИА Т МАРКЕТ","ЛОПЕРАМИД ЕКОФАРМ тбл.2мг.х10","41152","89","2.70",""
"51500","АФИА Т МАРКЕТ","ФЕЛОРАН гел 1% - 120g  Софарма","41160","95","7.58","6.44"
"51500","АФИА Т МАРКЕТ","АКВАФРЕШ паста за зъби naturals mint clean","41284","81","2.30",""
"51500","АФИА Т МАРКЕТ","ЧАЙ ФИТОЛЕК ДЕТОКС Х20","41531","72","2.00",""
"51500","АФИА Т МАРКЕТ","КУРАПРОКС чз CS1560 soft ПРОМО","41636","80","5.50",""
"51500","АФИА Т МАРКЕТ","КСИЗАЛ 0,5МГ/МЛ СИРОП 200МЛ Х 11","41828","100","5.52",""
"51500","АФИА Т МАРКЕТ","ЕЛГИДИУМ ПЗ.ИЗБЕЛВАЩА 100ml  BIO","41852","81","9.20",""
"51500","АФИА Т МАРКЕТ","ЕЛГИДИУМ ПЗ.СЕНЗИТИВ 100ml BIO","41853","81","8.68",""
"51500","АФИА Т МАРКЕТ","АНГАЛ МЕД ТАБЛ. ЗА СМУЧЕНЕ 5МГ/1МГ Х 24","41925","98","7.45",""
"51500","АФИА Т МАРКЕТ","АНГАЛ ЯГОДА ЗА ДЕЦА ТАБЛ. ЗА СМУЧЕНЕ 5МГ/1МГ Х 24","41926","98","7.45",""
"51500","АФИА Т МАРКЕТ","АПТАМИЛ 4 400г ПРОНУТРА","41999","65","10.01",""
"51500","АФИА Т МАРКЕТ","НУРОФЕН ФОРТЕ ТАБЛ.400МГ Х 24","42236","94","8.17",""
"51500","АФИА Т МАРКЕТ","СЛЪНЧО КАША 4мес. ОРИЗОВА безмлечна 180 г","42328","63","2.37",""
"51500","АФИА Т МАРКЕТ","БОЧКО ВЛАЖНИ КЪРПИ ПАМУК И ЛАВАНДУЛА КАПАК Х 84","42347","84","1.67",""
"51500","АФИА Т МАРКЕТ","АПТАМИЛ 1 800г ПРОНУТРА","42367","65","21.16",""
"51500","АФИА Т МАРКЕТ","ЛАКС сол.7.5мг/мл.20мл.","42429","88","4.17",""
"51500","АФИА Т МАРКЕТ","ДРОПЛЕКС 4Г/100Г+1Г/100Г КАПКИ ЗА УШИ Р-Р 15МЛ Х 1","42480","101","4.09",""
"51500","АФИА Т МАРКЕТ","СЛЪНЧО КАША 6мес. ОРИЗОВО МЛЕЧНА С МАНГО,ЯБЪЛКА И БАНАН 200г","42486","63","2.47",""
"51500","АФИА Т МАРКЕТ","ЛАКАЛУТ ПЗ СЕНЗИТИВ ПАСТА 75 МЛ","42491","81","3.87","2.90"
"51500","АФИА Т МАРКЕТ","АПТАМИЛ 2 800г ПРОНУТРА","42492","65","21.16",""
"51500","АФИА Т МАРКЕТ","Сапун КРИСПА БЕБЕ 100 гр","42533","83","0.72",""
"51500","АФИА Т МАРКЕТ","АПТАМИЛ 3 400г ПРОНУТРА","42534","65","10.01",""
"51500","АФИА Т МАРКЕТ","АВЕН XERACALM A.D.СВРЪХОБОГАТЕН САПУН 100г AV","42576","83","9.03","6.59"
"51500","АФИА Т МАРКЕТ","АПТАМИЛ 2 400г ПРОНУТРА","42697","65","10.68",""
"51500","АФИА Т МАРКЕТ","БЕБО ВЛ. КЪРПИЧКИ АЛОЕ ВЕРА 72бр с капак","42708","84","1.57",""
"51500","АФИА Т МАРКЕТ","БЕБО ВЛ. КЪРПИЧКИ ЛАЙКА  72бр с капак","42709","84","1.57",""
"51500","АФИА Т МАРКЕТ","БЕБО ВЛ. КЪРПИЧКИ ЛАВАНДУЛА  90бр с капак","42710","84","1.83",""
"51500","АФИА Т МАРКЕТ","БЕБО ВЛ.КЪРПИЧКИ SENSITIVE 80бр. С НОВ РИДЖИТ","42711","84","1.72",""
"51500","АФИА Т МАРКЕТ","БОЧКО МОКРИ КЪРПИ ПАМУК И СМРАДЛИКА Х 84 КАПАК","42745","84","1.67",""
"51500","АФИА Т МАРКЕТ","АПТАМИЛ 1 400г ПРОНУТРА","42844","65","10.68",""
"51500","АФИА Т МАРКЕТ","Сапун КРИСПА ДОКТОРСКИ 100гр.","42927","83","1.11",""
"51500","АФИА Т МАРКЕТ","ВЛ.КЪРПИ PUFIES WW CLEAN&FRESH  с капак 64 бр","43023","84","1.94",""
"51500","АФИА Т МАРКЕТ","САПУН МИНИ СЪС ЗЕОЛИТ БИОХЕРБА","43057","83","1.40",""
"51500","АФИА Т МАРКЕТ","БЕБО ВЛ.КЪРПИЧКИ МИЦЕЛАРНА ВОДА 64бр. С КАПАК","43128","84","2.08",""
"51500","АФИА Т МАРКЕТ","КСАЛЕРГАН 5МГ/МЛ ПЕРОР. КАПКИ 20МЛ Х 1","43431","100","5.17",""
"51500","АФИА Т МАРКЕТ","ЕЛГИДИУМ ПЗ.ТАЙМЕР ПАСТА ЗА ЗЪБИ 50МЛ.","43434","81","5.88",""
"51500","АФИА Т МАРКЕТ","ОМАЛГИН тбл.500мг.х20","43468","96","1.05",""
"51500","АФИА Т МАРКЕТ","EVENT бебешки кърпи АЛОЕ 20бр","43620","84","0.64",""
"51500","АФИА Т МАРКЕТ","EVENT бебе кърпи АЛОЕ 72","43624","84","1.10",""
"51500","АФИА Т МАРКЕТ","ЛАРА САПУН 375 МЛ. МАЛИНА","43778","83","1.38",""
"51500","АФИА Т МАРКЕТ","ЛАРА САПУН 375 МЛ. ЛАЙМ","43780","83","1.38",""
"51500","АФИА Т МАРКЕТ","САПУН ПРОЛЕТ","43850","83","1.78",""
"51500","АФИА Т МАРКЕТ","ЛАКАЛУТ ПЗ. АКТИВ  ПЛЮС 75мл","43910","81","4.89",""
"51500","АФИА Т МАРКЕТ","ЕЛГИДИУМ ПЗ.ЧУВСТВИТЕЛНИ ВЕНЦИ 100МЛ.BIO","43921","81","8.90",""
"51500","АФИА Т МАРКЕТ","КЕТАЛГО 50МГ ГРАНУЛИ ЗА ПЕРОРАЛЕН Р-Р В САШЕ Х 12","43979","94","6.83",""
"51500","АФИА Т МАРКЕТ","БЕБО ВЛ.КЪРПИЧКИ С 99% ВОДА х 15БР.","44040","84","0.61",""
"51500","АФИА Т МАРКЕТ","БЕБО ULTRA SOFT 80бр. ПЛЪТНИ ВЛ. КЪРПИЧКИ х12","44053","84","1.72",""
"51500","АФИА Т МАРКЕТ","СЛЪНЧО КАША 4мес. БАНАНОВО ЯБЪЛКОВА млечна 200г.","44061","63","2.37",""
"51500","АФИА Т МАРКЕТ","МОКРИ ПОЧИСТВАЩИ КЪРПИ FAMILY СЕПТОНА 100бр с капак","44073","84","1.82",""
"51500","АФИА Т МАРКЕТ","ВЛ. КЪРПИ LARA  ЗА ВЪЗРАСТНИ 50 БР.","44255","84","1.68",""
"51500","АФИА Т МАРКЕТ","ИБУПРОМ СПРИНТ МАКС капс.400мг.х20","44304","94","8.48",""
"51500","АФИА Т МАРКЕТ","ВЛ.КЪРПИ СЕПТОНА  БЕБЕ ЛАЙКА 80бр с капак","44306","84","1.82",""
"51500","АФИА Т МАРКЕТ","ВЛ.КЪРПИ EVENT WC КОКОС 60","44409","84","1.38",""
"51500","АФИА Т МАРКЕТ","ВЛ.КЪРПИ EVENT WC ЛАЙКА 60","44410","84","1.38",""
"51500","АФИА Т МАРКЕТ","ВЛ.КЪРПИ EVENT WC ЛАЙКА КИДС 60","44411","84","1.38",""
"51500","АФИА Т МАРКЕТ","ВЛ.КЪРПИ EVENT WC ПАМУК И АЛОЕ 42","44412","84","1.38",""
"51500","АФИА Т МАРКЕТ","ЧЕРВЕНА БОРОВИНКА филтър х20 FLOSANA","44484","72","1.17",""
"51500","АФИА Т МАРКЕТ","ЧАЙ ЗА СЪРЦЕ филтър х20 Биопрограма","44545","72","1.00",""
"51500","АФИА Т МАРКЕТ","СЕНСОДИН паста за зъби COMPLETE PROTECTION + 75МЛ","44620","81","7.76",""
"51500","АФИА Т МАРКЕТ","АПТАМИЛ 1 800г ЦЕЗАРБИО","44651","65","24.49",""
"51500","АФИА Т МАРКЕТ","АПТАМИЛ 2 800г ЦЕЗАРБИО","44652","65","23.72",""
"51500","АФИА Т МАРКЕТ","КСАЛЕРГАН 5МГ ФИЛМ.ТАБЛ. Х 20","44775","100","8.01",""
"51500","АФИА Т МАРКЕТ","САПУН КРИСПА МЕД+ГЛИЦЕРИН 75Г","44914","83","0.65",""
"51500","АФИА Т МАРКЕТ","ЛАКАЛУТ ПЗ. МУЛТИ ЕФЕКТ ПЛЮС 75МЛ","44939","81","3.87","2.90"
"51500","АФИА Т МАРКЕТ","ВЛ.КЪРПИ EVENT антиб.kids х 15 (сини)","45023","84","0.46",""
"51500","АФИА Т МАРКЕТ","ВЛ.КЪРПИ EVENT антиб.kids х 15(розови)","45024","84","0.46",""
"51500","АФИА Т МАРКЕТ","ДИКЛАК МАКС 5% ГЕЛ 150Г","45076","95","14.82",""
"51500","АФИА Т МАРКЕТ","ЧАЙ БРОНХО ПАМ БУТИКОВА СЕРИЯ филтър х20","45122","72","4.10",""
"51500","АФИА Т МАРКЕТ","СЕНСОДИН паста за зъби sensivity and gum  WHITE 75ml","45138","81","7.76",""
"51500","АФИА Т МАРКЕТ","БОЧКО ВЛАЖНИ КЪРПИ ПАМУК И НЕВЕН КАПАК Х 84","45159","84","1.75",""
"51500","АФИА Т МАРКЕТ","ВЛ.КЪРПИ СЕПТОНА  БЕБЕ АЛОЕ 60бр","45177","84","1.37",""
"51500","АФИА Т МАРКЕТ","ЛАКАЛУТ ПЗ ПЪРФЕКТ УАЙТ 75МЛ","45353","81","3.87","2.90"
"51500","АФИА Т МАРКЕТ","НОВАЛАК RICE AR мляко 400г.","45477","65","15.75",""
"51500","АФИА Т МАРКЕТ","САПУН ЖЕН-ШЕН 60г.","45586","83","0.69",""
"51500","АФИА Т МАРКЕТ","ИБУЛЕК 200МГ САШЕТА Х 10","45604","94","4.39",""
"51500","АФИА Т МАРКЕТ","ВЛ. КЪРПИ LARA x 80 бр. лайка","45709","84","1.17",""
"51500","АФИА Т МАРКЕТ","АКВАФРЕШ паста за зъби All in One Crystal  Whit 100ml","45747","81","2.85",""
"51500","АФИА Т МАРКЕТ","ВЛ. КЪРПИ PAMPERS fresh clean  х 52","45874","84","1.53",""
"51500","АФИА Т МАРКЕТ","АРОМА САПУН ТЕЧЕН WHITE BLOSSOM за чувст.кожа 400мл.+100мл.П","45917","83","1.69",""
"51500","АФИА Т МАРКЕТ","ЧЗ ТРИЗА FOCUS SOFT","45930","80","0.90",""
"51500","АФИА Т МАРКЕТ","ЧЗ ТРИЗА SMILE SOFT /SWISS CLEAN/","45931","80","0.86",""
"51500","АФИА Т МАРКЕТ","ЧАЙ ФИЛТЪР AHMAD СПЕЦ.СЕЛ. БЕЗКОФЕИН x 20","45977","72","3.31",""
"51500","АФИА Т МАРКЕТ","ИБУТОП КРЕМ 100 гр","46049","94","9.14",""
"51500","АФИА Т МАРКЕТ","РЕСПИФОРТИН 600 MG ACETYLCYSTEINE, ЕФ. ТАБЛ. Х 10","46051","99","7.65",""
"51500","АФИА Т МАРКЕТ","СЕНСОДИН паста за зъби антикариес 75ml","46150","81","5.50","3.85"
"51500","АФИА Т МАРКЕТ","ВЛ.КЪРПИ EVENT антибакт. невен x30","46202","84","0.70",""
"51500","АФИА Т МАРКЕТ","ПАРАБОЛ МАКС 400МГ КАПС. Х 10","46205","94","4.48",""
"51500","АФИА Т МАРКЕТ","EVENT бебешки кърпи ВОДА  20бр","46233","84","0.64",""
"51500","АФИА Т МАРКЕТ","EVENT бебешки кърпи ВОДА 60бр","46234","84","1.66",""
"51500","АФИА Т МАРКЕТ","EVENT бебешки кърпи SOFT 3в1  20бр","46235","84","0.61",""
"51500","АФИА Т МАРКЕТ","EVENT бебешки кърпи SOFT 3в1  84бр","46236","84","1.66",""
"51500","АФИА Т МАРКЕТ","НОВАЛАК ALLERNOVA AR 400Г","46248","65","16.18",""
"51500","АФИА Т МАРКЕТ","ТРАКТУС 600МГ ПРАХ ЗА ПЕРОРАЛЕН Р-Р В САШЕ Х 10","46321","99","6.83",""
"51500","АФИА Т МАРКЕТ","СЕНСОДИН паста за зъби PRONAMEL JUNIOR 50ML.","46356","81","4.54",""
"51500","АФИА Т МАРКЕТ","АНАЛГИН ТАБЛ.500МГ Х 30","46420","96","2.29",""
"51500","АФИА Т МАРКЕТ","ИБУПРОМ ФОРТЕ 400МГ ФИЛМ.ТАБЛ. Х 12","46531","94","3.53",""
"51500","АФИА Т МАРКЕТ","БЕБО ВЛ. КЪРПИЧКИ ЛАЙКА  15бр","46594","84","0.46",""
"51500","АФИА Т МАРКЕТ","ТЕО БЕБЕ МОКРИ КЪРПИЧКИ ЛАВАНДУЛА 72 бр","46841","84","1.56",""
"51500","АФИА Т МАРКЕТ","ВЛ.КЪРПИ PALOMITA БЕБЕ 72+28 С КАПАК","46845","84","1.52",""
"51500","АФИА Т МАРКЕТ","ВЛ. КЪРПИ BABY BEBELAN 99.6% вода х 64","46924","84","1.89",""
"51500","АФИА Т МАРКЕТ","ДИКЛАК 12 ЧАСА 23,2 мг/г гел 50гр","46946","95","8.58",""
"51500","АФИА Т МАРКЕТ","ДИКЛАК 12 ЧАСА 2.32% мг/г 100гр","47003","95","11.74",""
"51500","АФИА Т МАРКЕТ","ЧАЙ ЧЕРЕН ФИЛТЪР Х20 БИОПРОГРАМА","37135","72","0.80",""
"51500","АФИА Т МАРКЕТ","ВЛ.КЪРПИ EVENT антибакт. невен x140","47097","84","2.05",""
"51500","АФИА Т МАРКЕТ","БУСКОЛИЗИН обв. тб. 10мг х 30","47308","87","3.99","3.39"
"51500","АФИА Т МАРКЕТ","ЕЛГИДИУМ ПЗ.DECAY PROTECTION  АНТИКАРИЕС 75ml","47347","81","7.21",""
"51500","АФИА Т МАРКЕТ","ОЛИНТ DUO наз.спрей 1мг/мл.+50мг/мл.10мл.","47405","97","6.12",""
"51500","АФИА Т МАРКЕТ","ВЛ.КЪРПИ EVENT антибакт. лайка x72","47433","84","1.10",""
"51500","АФИА Т МАРКЕТ","АГИВА Гъба за баня сапун на перли Лайм FRUIT SALAD","47434","83","2.50",""
"51500","АФИА Т МАРКЕТ","ОРОФАР ИНТЕНС 8,75МГ/ДОЗА СПРЕЙ 15МЛ","47436","98","7.65",""
"51500","АФИА Т МАРКЕТ","ВЛ.КЪРПИ EVENT бебешки лайка x72","47437","84","1.10",""
"51500","АФИА Т МАРКЕТ","ПЗ.БИЛКА МЕД 75 МЛ.","47443","81","2.36",""
"51500","АФИА Т МАРКЕТ","САПУН EvBABY VIT.F 90г","47483","83","0.61",""
"51500","АФИА Т МАРКЕТ","ДУЛКОЛАКС 10МГ СУПОЗИТОРИИ Х6","47553","88","5.86",""
"51500","АФИА Т МАРКЕТ","БЕБО ВЛ.КЪРПИЧКИ НОВОРОДЕНО  64бр. С КАПАК","47635","84","1.82",""
"51500","АФИА Т МАРКЕТ","СЕНСОДИН паста за зъби CLINICAL REPAIR 75ML","47644","81","7.76",""
"51500","АФИА Т МАРКЕТ","ДЕВА DNB ШАМПОАН ХИНИН + АРГАН 500МЛ.","47849","82","2.19",""
"51500","АФИА Т МАРКЕТ","АРОМА ШАМПОАН НАТУРАЛ АЛОЕ МЛЯКО 400мл.","47852","82","2.03",""
"51500","АФИА Т МАРКЕТ","СЕНСОДИН паста за зъби PRONAMEL KIDS 2-6 50ML.","47904","81","4.54",""
"51500","АФИА Т МАРКЕТ","ЧАЙ СЕНА АФИА  филтър","48050","72","1.99",""
"51500","АФИА Т МАРКЕТ","ЧАЙ ЛАЙКА АФИА  филтър","48051","72","1.99",""
"51500","АФИА Т МАРКЕТ","ЧАЙ ДЕТОКС И ИМУНИТЕТ АФИА  филтър","48052","72","1.99",""
"51500","АФИА Т МАРКЕТ","ЧАЙ СЛАБИТЕЛЕН АФИА  филтър","48053","72","1.99",""
"51500","АФИА Т МАРКЕТ","ВОЛТАРЕН 140МГ ЛЕЧЕБЕН ПЛАСТИР Х 5","48138","95","17.36","13.89"
"51500","АФИА Т МАРКЕТ","ВЛ. КЪРПИ LARA АКВА 99,5% БИОРАЗГР. x 72 БР.","48158","84","1.69",""
"51500","АФИА Т МАРКЕТ","ХИП 4 КОМБ.МЛ.МАЛКИ ДЕЦА 500 ГР.","48182","65","12.08",""
"51500","АФИА Т МАРКЕТ","АВЕН CLEANANCE ПОЧИСТВАЩ САПУН 100ГР. AV","48307","83","7.63","5.57"
"51500","АФИА Т МАРКЕТ","СТРЕПСИЛС ИНТЕНЗИВ МЕД И ЕВКАЛИПТ ТАБЛ. Х 16","48369","98","5.73",""
"51500","АФИА Т МАРКЕТ","КЕТАЛГО 25мг 10 табл.","48378","94","5.46",""
"51500","АФИА Т МАРКЕТ","АКВАФРЕШ паста за зъби PLUS VISIBLE WHITE 75МЛ.","48413","81","2.81","2.11"
"51500","АФИА Т МАРКЕТ","АКВАФРЕШ паста за зъби PLUS FRESH FEEL 75МЛ.","48414","81","2.81","2.11"
"51500","АФИА Т МАРКЕТ","СЕНСОДИН паста за зъбиЗ REPAIR & PROTECT WHITENING 75ML","48480","81","7.76",""
"51500","АФИА Т МАРКЕТ","СЕНСОДИН паста за зъби CLINICAL REPAIR WHITE 75ML","48481","81","7.76",""
"51500","АФИА Т МАРКЕТ","СЕНСОДИН паста за зъби COMPLETE PROTECTION WHITE 75ML","48482","81","7.76",""
"51500","АФИА Т МАРКЕТ","ВЛ. КЪРПИ BABY BEBELAN ЛАЙКА+АЛОЕ с капак х 64","48486","84","1.53",""
"51500","АФИА Т МАРКЕТ","ВЛ. КЪРПИ BABY BEBELAN СМРАДЛИКА+ЛАЙКА с капак х 64","48487","84","1.53",""
"51500","АФИА Т МАРКЕТ","АКВАФРЕШ паста за зъби mild &minti 125 ml.","48514","81","2.69",""
"51500","АФИА Т МАРКЕТ","БИЛКА НЕВЕН ШАМПОАН ЗА КОСА 400МЛ.","48554","82","3.33",""
"51500","АФИА Т МАРКЕТ","МУСТЕЛА МОКРИ КЪРПИЧКИ С ВОДА БЕЗ ПАРФЮМ Х 60","48570","84","5.92",""
"51500","АФИА Т МАРКЕТ","ЕЛГИДИУМ ЧЗ 4в1 S","48692","80","10.46",""
"51500","АФИА Т МАРКЕТ","ЛАКСАКОДИЛ 5МГ СУ ТАБЛ. Х 30","48727","88","2.21",""
"51500","АФИА Т МАРКЕТ","НОВАЛАК 1 адапт.мляк кърмач. 800г./0-6мес./","48740","65","19.44",""
"51500","АФИА Т МАРКЕТ","ОКЛИС ЕКСПРЕС 400 мг x 10 сашети","48782","94","5.71",""
"51500","АФИА Т МАРКЕТ","ЕНТЕРОЛ ФОРТЕ саше 500мг х 10","49046","89","9.82",""
"51500","АФИА Т МАРКЕТ","ОКЛИС ЕКСПРЕС 400 мг x 20 сашети","49081","94","9.53",""
"51500","АФИА Т МАРКЕТ","НУРОФЕН ЕКСПРЕС ФОРТЕ КОМПАКТ 400МГ КАПС. Х 10","49172","94","6.12",""
"51500","АФИА Т МАРКЕТ","НУРОФЕН ЕКСПРЕС ФОРТЕ КОМПАКТ 400МГ КАПС. Х 20","49173","94","10.67",""
"51500","АФИА Т МАРКЕТ","АКВАФРЕШ паста за зъби DEEP CLEAN WHITE RENEW 75ML","49246","81","3.52","2.64"
"51500","АФИА Т МАРКЕТ","GERBER КАША МАНГО БАНАН 240ГР.","49265","63","3.79",""
"51500","АФИА Т МАРКЕТ","GERBER КАША ЙОГ.БАН.КРУША 240ГР","49266","63","3.79",""
"51500","АФИА Т МАРКЕТ","GERBER 2929 ПЮРЕ СУПА КАРФИОЛ И ЗАЕК 190","49272","64","1.74",""
"51500","АФИА Т МАРКЕТ","GERBER 7214 ПЮРЕ ЗЕЛЕНЧ. С ТЕЛЕШКО И МАКАРОНИ 190ГР","49273","64","1.74",""
"51500","АФИА Т МАРКЕТ","GERBER 7889 ПЮРЕ РИЗОТО ПУЙКА ЗЕЛ. 250ГР","49274","64","2.20",""
"51500","АФИА Т МАРКЕТ","АДАПТ. МЛЯКО NAN 1 OPTIPRO 400ГР","49280","65","12.59",""
"51500","АФИА Т МАРКЕТ","АДАПТ. МЛЯКО NAN 2 OPTIPRO 400ГР","49281","65","12.57",""
"51500","АФИА Т МАРКЕТ","АДАПТ. МЛЯКО NAN 3 OPTIPRO 400ГР","49282","65","10.38",""
"51500","АФИА Т МАРКЕТ","АДАПТ. МЛЯКО NAN COMFORT 400ГР","49283","65","15.08",""
"51500","АФИА Т МАРКЕТ","ПАРАБОЛ МАКС 400МГ КАПС. Х 20","49296","94","8.63",""
"51500","АФИА Т МАРКЕТ","НОВАЛАК 2 адапт.мляк кърмач. 800г./6-12мес./","49320","65","18.78",""
"51500","АФИА Т МАРКЕТ","ОТОФИКС 40МГ/Г + 10МГ/Г КАПКИ ЗА УШИ 15МЛ Х 1","49354","101","3.88",""
"51500","АФИА Т МАРКЕТ","СЕНСОДИН паста за зъби CAVITY  75ml","49375","81","5.10",""
"51500","АФИА Т МАРКЕТ","ХИП 1 ORGANIC АДАПТ. МЛЯКО 600ГР.","49423","65","13.63",""
"51500","АФИА Т МАРКЕТ","ХИП 2 ORGANIC АДАПТ. МЛЯКО 600ГР.","49424","65","13.63",""
"51500","АФИА Т МАРКЕТ","СЕНСОДИН паста за зъби CAVITY + SENSITIVITY 75ml","49449","81","5.10",""
"51500","АФИА Т МАРКЕТ","ЕФИЗОЛ ИНТЕНЗ 8,75МГ ТАБЛ. ЗА СМУЧЕНЕ Х 24","49588","98","6.39","5.56"
"51500","АФИА Т МАРКЕТ","НОВАЛАК AR ДАЙДЖЕСТ+ АДАПТИР.МЛЯКО 400гр","49605","65","14.85",""
"51500","АФИА Т МАРКЕТ","ЧАЙ С ЛАЙКА И АНАСОН БИО 20 ФИЛ.ПАК./MANZANILLA","49697","72","3.13",""
"51500","АФИА Т МАРКЕТ","КУРАПРОКС ПЗ Enzycal 950;  10 ml","49711","81","2.39",""
"51500","АФИА Т МАРКЕТ","МОБИЛАТ ЕМУЛГЕЛ 2,32% ГЕЛ 180Г Х 1","49715","95","19.10",""
"51500","АФИА Т МАРКЕТ","АРОМА ШАМПОАН НАТУРАЛ ЯЙЧЕН 400мл.","49799","82","1.86",""
"36525","АФИА КАРНОБАТ МАГНИТ","ГЕЛОМИРТОЛ ФОРТЕ КАПС.300МГ Х 20","1336","99","8.64",""
"36525","АФИА КАРНОБАТ МАГНИТ","АЦЦ 200 ПРАХЧЕТА 200МГ Х 20","1338","99","6.97",""
"36525","АФИА КАРНОБАТ МАГНИТ","АЦЕТИЗАЛ  ТАБЛ. 500МГ Х 20 АК","1747","96","1.40",""
"36525","АФИА КАРНОБАТ МАГНИТ","АЛКА-ЗЕЛЦЕР ЕФ.ТАБЛ. 324МГ Х 10","1750","96","3.02",""
"36525","АФИА КАРНОБАТ МАГНИТ","БЕНАЛГИН ТАБЛ. Х 20","1767","96","2.86",""
"36525","АФИА КАРНОБАТ МАГНИТ","АЛЕРГОЗАН ДРАЖ. 25МГ Х 20","1896","91","3.71",""
"36525","АФИА КАРНОБАТ МАГНИТ","АЛМАГЕЛ СУСП. 170МЛ","2036","86","2.55",""
"36525","АФИА КАРНОБАТ МАГНИТ","БИЗАКОДИЛ СУПОЗ. 10МГ Х 6","2041","88","3.15",""
"36525","АФИА КАРНОБАТ МАГНИТ","БИЗАЛАКС ТАБЛ. 5 МГ Х 30","2043","88","2.44",""
"36525","АФИА КАРНОБАТ МАГНИТ","ФЕНОЛАКС ДРАЖ. 5МГ Х 30","2069","88","1.72",""
"36525","АФИА КАРНОБАТ МАГНИТ","ИМОДИУМ КАПС. 2МГ Х 6","2078","89","3.51",""
"36525","АФИА КАРНОБАТ МАГНИТ","СПАЗМАЛГОН ТАБЛ. Х 20","2096","87","3.82","3.63"
"36525","АФИА КАРНОБАТ МАГНИТ","ТАЛЦИД ТАБЛ. 500МГ Х 20","2099","86","4.19",""
"36525","АФИА КАРНОБАТ МАГНИТ","ОТИПАКС СОЛ. 15МЛ","2273","101","3.98",""
"36525","АФИА КАРНОБАТ МАГНИТ","ИБУТОП ГЕЛ 50ГР","2322","94","5.56",""
"36525","АФИА КАРНОБАТ МАГНИТ","РЕПАРИЛ ГЕЛ N 40Г","2341","95","6.12",""
"36525","АФИА КАРНОБАТ МАГНИТ","ВОЛТАРЕН ЕМУЛГЕЛ 1,16% 50ГР","2348","95","6.32","4.99"
"36525","АФИА КАРНОБАТ МАГНИТ","АЛЕРГОЗАН КРЕМ 18Г","2359","91","4.03",""
"36525","АФИА КАРНОБАТ МАГНИТ","АЛЕРГОЗАН УНГВ. 18Г","2360","91","4.02",""
"36525","АФИА КАРНОБАТ МАГНИТ","ЕКЗОДЕРИЛ 1%  КРЕМ 15ГР","2409","90","6.08",""
"36525","АФИА КАРНОБАТ МАГНИТ","ЕКЗОДЕРИЛ 1%  СОЛ. 10МЛ","2410","90","7.51",""
"36525","АФИА КАРНОБАТ МАГНИТ","ЙОДАСЕПТ УНГВ. 90Г","2430","92","4.60",""
"36525","АФИА КАРНОБАТ МАГНИТ","ЧАЙ САНИЕ СВЕТЛОЗЕЛЕН ФИЛТЪР Х 30TNT21","3089","72","3.54",""
"36525","АФИА КАРНОБАТ МАГНИТ","ЧАЙ УСПОКОИТЕЛЕН ФИЛТЪР 1,5ГР Х 20 ЕВЕЛИН","3090","72","2.25",""
"36525","АФИА КАРНОБАТ МАГНИТ","ЧАЙ БЕБЕЗАН ФИЛТЪР 1,5ГР Х 20 ЕВЕЛИН","3098","72","2.27",""
"36525","АФИА КАРНОБАТ МАГНИТ","ЧАЙ БРОНХОЛИН ФИЛТЪР Х 20 ЕВЕЛИН","3100","72","2.20",""
"36525","АФИА КАРНОБАТ МАГНИТ","АДАПТ. МЛЯКО ФРИЗОВОМ 400ГР","3115","65","12.37",""
"36525","АФИА КАРНОБАТ МАГНИТ","АДАПТ. МЛЯКО ФРИЗОЛАК 1 400ГР + ЛЪЖИЧКА","3118","65","9.28",""
"36525","АФИА КАРНОБАТ МАГНИТ","ЛАКАЛУТ ПЗ. АКТИВ 75мл","3429","81","3.87","2.90"
"36525","АФИА КАРНОБАТ МАГНИТ","АКВАФРЕШ паста за зъби детска 3-5 години little teeth","3433","81","3.52",""
"36525","АФИА КАРНОБАТ МАГНИТ","АДАПТ. МЛЯКО НАН НА 400Г 0-12 МЕСЕЦА","3638","65","13.29",""
"36525","АФИА КАРНОБАТ МАГНИТ","АКВАФРЕШ паста за зъби fresh&minty125ml синя","3930","81","2.69",""
"36525","АФИА КАРНОБАТ МАГНИТ","АНАЛГИН ТАБЛ. 500МГ 2 Х 10 СФ","4202","96","1.67",""
"36525","АФИА КАРНОБАТ МАГНИТ","ПАРОДОНТАКС паста за зъби F 75МЛ","4271","81","5.46",""
"36525","АФИА КАРНОБАТ МАГНИТ","ТРОМБО ASS 100МГ Х 30 ГЕРОТ","4322","96","1.38",""
"36525","АФИА КАРНОБАТ МАГНИТ","ДИКЛАК МАКС ГЕЛ 5% 50Г","4407","95","7.15",""
"36525","АФИА КАРНОБАТ МАГНИТ","ЛОПЕДИУМ КАПС. 2МГ Х 10","4440","89","3.56",""
"36525","АФИА КАРНОБАТ МАГНИТ","МИРТОЛ КАПС.120МГ Х 20","4966","99","4.80",""
"36525","АФИА КАРНОБАТ МАГНИТ","ЕЛГИДИУМ ПЗ.АНТИПЛАКА 75ml","5207","81","6.53",""
"36525","АФИА КАРНОБАТ МАГНИТ","НУРОФЕН ТАБЛ. 200МГ Х 12","5237","94","3.39",""
"36525","АФИА КАРНОБАТ МАГНИТ","ЕЛГИДИУМ ПЗ.ИЗБЕЛВАЩА 75ml","5605","81","7.21",""
"36525","АФИА КАРНОБАТ МАГНИТ","ДАВ сапун exfoliating 100g","5666","83","1.31",""
"36525","АФИА КАРНОБАТ МАГНИТ","НУРОФЕН СУСП. 100МГ/5МЛ 100МЛ /ПОРТОКАЛ/","5803","94","4.54",""
"36525","АФИА КАРНОБАТ МАГНИТ","ДАВ сапун original cream bar 100g","5857","83","1.73",""
"36525","АФИА КАРНОБАТ МАГНИТ","ЕУСЕРИН ph5.5 сапун за чувств.кожа","6078","83","4.08",""
"36525","АФИА КАРНОБАТ МАГНИТ","КСИЗАЛ ТАБЛ. 5МГ Х 20","6448","100","11.23",""
"36525","АФИА КАРНОБАТ МАГНИТ","КСИЗАЛ ТАБЛ. 5МГ Х 7","6502","100","4.49",""
"36525","АФИА КАРНОБАТ МАГНИТ","ПСИЛО-БАЛСАМ ГЕЛ 20ГР","6551","91","5.93",""
"36525","АФИА КАРНОБАТ МАГНИТ","АСПИРИН ПРОТЕКТ ТАБЛ. 100МГ Х 40","6576","96","3.06",""
"36525","АФИА КАРНОБАТ МАГНИТ","ПАРОДОНТАКС паста за зъби КЛАСИК /БЕЗ ФЛУОРИД/ 75МЛ","7138","81","5.46",""
"36525","АФИА КАРНОБАТ МАГНИТ","КАЛМАБЕН ТАБЛ. Х 10","7500","91","3.13",""
"36525","АФИА КАРНОБАТ МАГНИТ","МУКОНАЗАЛ ПЛЮС СПРЕЙ 10МЛ","7593","97","6.43",""
"36525","АФИА КАРНОБАТ МАГНИТ","КАЛМАБЕН ТАБЛ. Х 20","7600","91","5.52",""
"36525","АФИА КАРНОБАТ МАГНИТ","АКВАФРЕШ четка за зъби standart family","8489","80","0.96",""
"36525","АФИА КАРНОБАТ МАГНИТ","ХЕКСАЛГИН СОЛ.500МГ/МЛ 20МЛ","8491","96","5.31",""
"36525","АФИА КАРНОБАТ МАГНИТ","КЕТОЗАЛ ШАМПОАН 2% 60МЛ   Х","8533","90","7.11","6.40"
"36525","АФИА КАРНОБАТ МАГНИТ","НУРОФЕН ФОРТЕ ТАБЛ.400МГ Х 12","8703","94","4.59",""
"36525","АФИА КАРНОБАТ МАГНИТ","СТРЕПСИЛС ИНТЕНЗИВ ТАБЛ. Х 16","9302","98","5.57",""
"36525","АФИА КАРНОБАТ МАГНИТ","ДИАЛГИН САШЕТИ 1000МГ Х 20 ХИМАКС","9395","96","7.37",""
"36525","АФИА КАРНОБАТ МАГНИТ","ЕЛГИДИУМ ЧЗ.КЛИНИК антиплака S","9696","80","5.95",""
"36525","АФИА КАРНОБАТ МАГНИТ","ДАВ сапун fresh touch 100g","9715","83","1.31",""
"36525","АФИА КАРНОБАТ МАГНИТ","АДАПТ. МЛЯКО ФРИЗО 3 400Г","9775","65","8.10",""
"36525","АФИА КАРНОБАТ МАГНИТ","ЧАЙ ЗА ДИАБЕТИЦИ С КАНЕЛА Ф.20 БИОПРОГРАМА","10065","72","1.00",""
"36525","АФИА КАРНОБАТ МАГНИТ","ДУЛКОЛАКС ПИКО КАПКИ 7,5МГ 15МЛ","10072","88","5.86",""
"36525","АФИА КАРНОБАТ МАГНИТ","ЛАКАЛУТ ПЗ. ИЗБЕЛВАЩА 75МЛ","10221","81","3.87","2.90"
"36525","АФИА КАРНОБАТ МАГНИТ","НУРОФЕН СУСП. 100МГ/5МЛ 100МЛ /ЯГОДА/","10248","94","4.54",""
"36525","АФИА КАРНОБАТ МАГНИТ","БОЧКО САПУН СМРАДЛИКА 75ГР.","10384","83","0.99",""
"36525","АФИА КАРНОБАТ МАГНИТ","ФАМОТИДИН АЛКАЛОИД ТАБЛ. 20МГ Х 20","10842","86","0.97",""
"36525","АФИА КАРНОБАТ МАГНИТ","ВОЛТАРЕН ЕМУЛГЕЛ 1,16% 100ГР","10916","95","10.16","7.99"
"36525","АФИА КАРНОБАТ МАГНИТ","ДИАРОСТАД КАПС. x 10","11014","89","3.36",""
"36525","АФИА КАРНОБАТ МАГНИТ","АКВАФРЕШ четка за зъби DUO clean & flex MEDIUM","11125","80","2.69",""
"36525","АФИА КАРНОБАТ МАГНИТ","СТОПЕРАН КАПС.2МГ Х 8","11131","89","3.27",""
"36525","АФИА КАРНОБАТ МАГНИТ","ЧАЙ ПРИ ГРИП И ПРОСТУДА/СТУД И ЗИМА БИПРОГРАМА","11229","72","1.00",""
"36525","АФИА КАРНОБАТ МАГНИТ","БИОТРЕЙД  АКНЕ АУТ САПУН 100Г","12382","83","6.12",""
"36525","АФИА КАРНОБАТ МАГНИТ","БЕНАЛГИН ТАБЛ. Х 10","12604","96","1.70",""
"36525","АФИА КАРНОБАТ МАГНИТ","ДЕРМОДРИН МАЗ 30ГР","12712","91","3.98",""
"36525","АФИА КАРНОБАТ МАГНИТ","НИЯ САПУН КАТРАНЕН 60ГР","12713","83","0.69",""
"36525","АФИА КАРНОБАТ МАГНИТ","НИЯ САПУН СЕРЕН 60ГР","12714","83","0.69",""
"36525","АФИА КАРНОБАТ МАГНИТ","КСИЗАЛ СОЛ. 5МГ/МЛ 20МЛ","12842","100","5.50",""
"36525","АФИА КАРНОБАТ МАГНИТ","НАЗИК НАЗ.СПРЕЙ ЗА ДЕЦА 10МЛ","12996","97","4.74",""
"36525","АФИА КАРНОБАТ МАГНИТ","ЗЕНАРО ТАБЛ. 5МГ Х 7","13003","100","3.57",""
"36525","АФИА КАРНОБАТ МАГНИТ","МИГ-400 ТАБЛ. 400МГ Х 10","13010","94","2.54",""
"36525","АФИА КАРНОБАТ МАГНИТ","ДИКЛАК МАКС ГЕЛ 5% 100Г","13113","95","8.94",""
"36525","АФИА КАРНОБАТ МАГНИТ","ПАРОДОНТАКС паста за зъби WHITENING 75МЛ","13119","81","5.46",""
"36525","АФИА КАРНОБАТ МАГНИТ","ПРОАЛГИН ТАБЛ. 500МГ Х 20","13407","96","1.28",""
"36525","АФИА КАРНОБАТ МАГНИТ","ФЕЛОРАН гел 1% - 60g  Софарма","13428","95","4.29","3.65"
"36525","АФИА КАРНОБАТ МАГНИТ","НАЗИК НАЗ.СПРЕЙ 10МЛ","13740","97","6.48",""
"36525","АФИА КАРНОБАТ МАГНИТ","АКВАФРЕШ паста за зъби junior 6+ 50ml","13940","81","3.52",""
"36525","АФИА КАРНОБАТ МАГНИТ","РУВЕКСИН ТАБЛ. 325МГ Х 100","13945","96","2.96",""
"36525","АФИА КАРНОБАТ МАГНИТ","АДАПТ. МЛЯКО НАН ОПТИПРО 1 800Г","14239","65","22.85",""
"36525","АФИА КАРНОБАТ МАГНИТ","ЧАЙ БРОНХО ПАМ С ЕХИНАЦЕЯ /ЗЕЛЕН/ ФИЛТЪР Х 30","14306","72","3.63",""
"36525","АФИА КАРНОБАТ МАГНИТ","АСТЕРА PARODONT ACTIVE п.за зъби 75мл.","14726","81","3.21",""
"36525","АФИА КАРНОБАТ МАГНИТ","ПЗ.БИЛКА дент пародонт експерт 75ml","14893","81","2.36",""
"36525","АФИА КАРНОБАТ МАГНИТ","АНАЛГИН ХИН ТАБЛ. 250МГ Х 10","15006","96","1.89",""
"36525","АФИА КАРНОБАТ МАГНИТ","ИМОМЕД ТАБЛ. 2МГ Х 10","15176","89","2.68",""
"36525","АФИА КАРНОБАТ МАГНИТ","СИАФЕН СУСП.100МГ/5МЛ 120МЛ","15215","94","3.61",""
"36525","АФИА КАРНОБАТ МАГНИТ","ДИКЛАК ГЕЛ 1% 50Г","15243","95","6.13",""
"36525","АФИА КАРНОБАТ МАГНИТ","ЛАКАЛУТ ЧЗ. АКТИВ","15427","80","3.87","2.90"
"36525","АФИА КАРНОБАТ МАГНИТ","КАФЕТИН МЕНСТРУАЛ ТАБЛ. 200МГ  Х 10","15432","94","3.26",""
"36525","АФИА КАРНОБАТ МАГНИТ","НУРОФЕН ЕКСПРЕС КАПС. 200МГ Х 10","15451","94","4.59",""
"36525","АФИА КАРНОБАТ МАГНИТ","ДАВ сапун men fresh 100g","15469","83","1.31",""
"36525","АФИА КАРНОБАТ МАГНИТ","АЦЕТИЗАЛ КАРДИО ТАБЛ. 100МГ Х 30","15483","96","1.99",""
"36525","АФИА КАРНОБАТ МАГНИТ","ЕЛГИДИУМ ПЗ. brilliance /за интенз.избелване/","15549","81","8.48",""
"36525","АФИА КАРНОБАТ МАГНИТ","ЕЛГИДИУМ ПЗ.ДЕТСКА bubbles 7-12г 50ml","15613","81","5.09",""
"36525","АФИА КАРНОБАТ МАГНИТ","ЕЛГИДИУМ ПЗ.ДЕТСКА г.плодове 50ml","15614","81","5.09",""
"36525","АФИА КАРНОБАТ МАГНИТ","НИЯ САПУН С ХУМА 60ГР","15629","83","0.69",""
"36525","АФИА КАРНОБАТ МАГНИТ","НУРОФЕН ТАБЛ. 200МГ Х 24","15634","94","5.78",""
"36525","АФИА КАРНОБАТ МАГНИТ","ЙОДАСЕПТ УНГВ. 40Г","15692","92","3.05",""
"36525","АФИА КАРНОБАТ МАГНИТ","ЧАЙ ФИТОЛЕК ГИНКО Х20","15693","72","2.00",""
"36525","АФИА КАРНОБАТ МАГНИТ","ЧАЙ ФИТОЛЕК ЕЛЕГАНС Х20","15695","72","2.00",""
"36525","АФИА КАРНОБАТ МАГНИТ","ЧАЙ ФИТОЛЕК ИМУНО Х20","15696","72","2.00",""
"36525","АФИА КАРНОБАТ МАГНИТ","ЧАЙ ФИТОЛЕК КАРДИО Х20","15697","72","2.00",""
"36525","АФИА КАРНОБАТ МАГНИТ","ЧАЙ ФИТОЛЕК ПРОСТАТА Х 20","15699","72","2.00",""
"36525","АФИА КАРНОБАТ МАГНИТ","ЧАЙ ФИТОЛЕК РЕЛАКС Х 20","15700","72","2.00",""
"36525","АФИА КАРНОБАТ МАГНИТ","ЧАЙ ФИТОЛЕК СЛАБИТЕЛЕН Х 20","15701","72","2.00",""
"36525","АФИА КАРНОБАТ МАГНИТ","ЧАЙ ФИТОЛЕК УРО Х20","15702","72","2.00",""
"36525","АФИА КАРНОБАТ МАГНИТ","ЧАЙ ФИТОЛЕК ФАРИНГО Х 20","15703","72","2.00",""
"36525","АФИА КАРНОБАТ МАГНИТ","ДУЛКОЛАКС ТАБЛ. 5МГ Х 30","15745","88","5.86",""
"36525","АФИА КАРНОБАТ МАГНИТ","ЧАЙ МЕЧО ГРОЗДЕ ФИЛТЪР Х 20 БИОПРОГРАМА","15811","72","1.00",""
"36525","АФИА КАРНОБАТ МАГНИТ","ДИАЛГИН ДЖУНИЪР САШЕ 250МГ Х 5 ХИМАКС","16102","96","1.89",""
"36525","АФИА КАРНОБАТ МАГНИТ","ГЛИМБАКС ОРАЛ 200МЛ","16307","95","9.36",""
"36525","АФИА КАРНОБАТ МАГНИТ","ДАВ сапун supreme creme oil  100г","16326","83","1.31",""
"36525","АФИА КАРНОБАТ МАГНИТ","АЦЕТИЗАЛ КАРДИО ТАБЛ. 100МГ Х 100","16331","96","5.99",""
"36525","АФИА КАРНОБАТ МАГНИТ","СЕНСОДИН паста за зъби REPAIR 75ml","16533","81","7.76",""
"36525","АФИА КАРНОБАТ МАГНИТ","МИГ ЗА ДЕЦА СИРОП 20МГ/МЛ 100МЛ","16551","94","3.76",""
"36525","АФИА КАРНОБАТ МАГНИТ","АЦЕТИЗАЛ КАРДИО ТАБЛ. 75МГ Х 100","16734","96","4.73",""
"36525","АФИА КАРНОБАТ МАГНИТ","БОЧКО САПУН ЛАЙКА 75ГР","16793","83","0.99",""
"36525","АФИА КАРНОБАТ МАГНИТ","АПИРИ ТАБЛ. 100МГ Х 30","16840","96","1.93",""
"36525","АФИА КАРНОБАТ МАГНИТ","ЕЛГИДИУМ ПЗ.СЕНЗИТИВ 75ml","16988","81","6.63",""
"36525","АФИА КАРНОБАТ МАГНИТ","ВОЛТАРЕН ФОРТЕ ГЕЛ 2,32% 50ГР","17051","95","8.96","6.99"
"36525","АФИА КАРНОБАТ МАГНИТ","ЧАЙ БАБИНИ ЗЪБИ ФИЛТЪР Х 20 БИОПРОГРАМА","17074","72","1.19",""
"36525","АФИА КАРНОБАТ МАГНИТ","ЛАКАЛУТ ПЗ. УАЙТ И РИПЕЪР 75МЛ","17078","81","4.89","3.67"
"36525","АФИА КАРНОБАТ МАГНИТ","ДИАЛГИН САШЕТИ 500МГ Х 20 ХИМАКС","17543","96","6.77",""
"36525","АФИА КАРНОБАТ МАГНИТ","ОТИРЕЛАКС СОЛ. 15МЛ","17705","101","4.06",""
"36525","АФИА КАРНОБАТ МАГНИТ","АДАПТ. МЛЯКО ФРИЗОЛАК 2  400ГР + ЛЪЖИЧКА","17765","65","9.08",""
"36525","АФИА КАРНОБАТ МАГНИТ","АКВАФРЕШ паста за зъби fresh&minty  синя 75ml","17840","81","2.03","1.62"
"36525","АФИА КАРНОБАТ МАГНИТ","ЛАКАЛУТ ПЗ. АКТИВ ХЕРБАЛ 75МЛ","17989","81","3.87","2.90"
"36525","АФИА КАРНОБАТ МАГНИТ","ПАРОДОНТАКС паста за зъби EXTRA FRESH 75МЛ","18011","81","5.46",""
"36525","АФИА КАРНОБАТ МАГНИТ","ЕЛГИДИУМ ПЗ.ДЕТСКА свежа ягода 50ml","18223","81","5.09",""
"36525","АФИА КАРНОБАТ МАГНИТ","ЧАЙ ФИТОЛЕК ГАСТРО Х20","18338","72","2.00",""
"36525","АФИА КАРНОБАТ МАГНИТ","ЕЛГИДИУМ ПЗ.АНТИКАРИЕС 75ml","18398","81","6.07",""
"36525","АФИА КАРНОБАТ МАГНИТ","СЕНСОДИН паста за зъби PROTECT&REPAIR WHITENING 75МЛ","18419","81","6.80",""
"36525","АФИА КАРНОБАТ МАГНИТ","НУРОФЕН ЕКСПРЕС ФОРТЕ КАПС. 400МГ Х 10","18430","94","5.43",""
"36525","АФИА КАРНОБАТ МАГНИТ","ЧАЙ ВЪЛШЕБНИК филтър х20 БИОПРОГРАМА","18452","72","1.25",""
"36525","АФИА КАРНОБАТ МАГНИТ","ЧАЙ МАТОЧИНА ФИЛТЪР Х16 БИЛЕК","18583","72","1.56",""
"36525","АФИА КАРНОБАТ МАГНИТ","ЧАЙ БРОНХОЛЕК ГРЪДЕН Ф.Х 16","18584","72","1.68",""
"36525","АФИА КАРНОБАТ МАГНИТ","ЛАКТАНА БИО 1 адпт. мляко 600гр.","18647","65","18.52",""
"36525","АФИА КАРНОБАТ МАГНИТ","АНАЛГИН КАПКИ 500МГ/МЛ 20МЛ СФ","18658","96","3.22",""
"36525","АФИА КАРНОБАТ МАГНИТ","ЧАЙ ФИТОЛЕК ЛАКТО Х20","18690","72","2.00",""
"36525","АФИА КАРНОБАТ МАГНИТ","НУРОФЕН ФЕМИНА ФОРТЕ табл.х 12","18693","94","5.43",""
"36525","АФИА КАРНОБАТ МАГНИТ","ПЗ.БИЛКА дент експерт избелваща 75ml","18765","81","2.51",""
"36525","АФИА КАРНОБАТ МАГНИТ","ДАВ сапун go fresh restore 100g","18766","83","1.31",""
"36525","АФИА КАРНОБАТ МАГНИТ","ФЕЛОРАН ФОРТЕ ГЕЛ 5% 40ГР","18775","95","5.50","4.68"
"36525","АФИА КАРНОБАТ МАГНИТ","БИЗАКОДИЛ СОФАРМА СУПОЗ. 5МГ Х 6","18919","88","2.35",""
"36525","АФИА КАРНОБАТ МАГНИТ","БИОРИПЕЪР пз night repair 75ml","18969","81","4.55",""
"36525","АФИА КАРНОБАТ МАГНИТ","БИОРИПЕЪР пз Junior  ЯГОДА 50ml","18970","81","3.04",""
"36525","АФИА КАРНОБАТ МАГНИТ","ЧАЙ МЕНТА ФИЛТЪР Х 20 БИОПРОГРАМА","19084","72","0.96",""
"36525","АФИА КАРНОБАТ МАГНИТ","ЧАЙ ФИТОЛЕК ДИАБЕТ","19312","72","2.00",""
"36525","АФИА КАРНОБАТ МАГНИТ","БОЧКО САПУН НЕВЕН 75ГР","19341","83","0.99",""
"36525","АФИА КАРНОБАТ МАГНИТ","БОЧКО САПУН ЛАВАНДУЛА 75ГР","19342","83","0.99",""
"36525","АФИА КАРНОБАТ МАГНИТ","ЕЛГИДИУМ ЧЗ.diffusion S","19382","80","5.95",""
"36525","АФИА КАРНОБАТ МАГНИТ","ЕЛГИДИУМ ЧЗ.избелваща S","19392","80","6.34",""
"36525","АФИА КАРНОБАТ МАГНИТ","ЧАЙ БИОБРОНХО ФИЛТЪР Х 20 БИОПРОГРАМА","19513","72","1.00",""
"36525","АФИА КАРНОБАТ МАГНИТ","ЧАЙ ЛАЙКА ФИЛТЪР Х 20 БИОПРОГРАМА","19514","72","0.96",""
"36525","АФИА КАРНОБАТ МАГНИТ","ЧАЙ ЗА БЪБРЕЦИ ПО ЛАМБРЕВ Х 30","19519","72","2.69",""
"36525","АФИА КАРНОБАТ МАГНИТ","ЧАЙ ФИТОЛЕК БРОНХО Х 20","19624","72","2.00",""
"36525","АФИА КАРНОБАТ МАГНИТ","ЧАЙ ЦЯРЪ при бъбречни проблеми х 30","20221","72","3.39",""
"36525","АФИА КАРНОБАТ МАГНИТ","ЧАЙ ЦЯРЪ при кашлица и бронхит х 30","20223","72","3.39",""
"36525","АФИА КАРНОБАТ МАГНИТ","ЧАЙ ЦЯРЪ при киселини в стомаха х 30","20224","72","3.39",""
"36525","АФИА КАРНОБАТ МАГНИТ","ЧАЙ ЦЯРЪ при проблеми на жлъчката х 30","20225","72","3.39",""
"36525","АФИА КАРНОБАТ МАГНИТ","ЧАЙ ЦЯРЪ слабителен х 30","20226","72","3.39",""
"36525","АФИА КАРНОБАТ МАГНИТ","ЧАЙ ЦЯРЪ срещу лошия холестерол х 30","20227","72","3.39",""
"36525","АФИА КАРНОБАТ МАГНИТ","ИМОДИУМ ИНСТАНТ ОРОДИСП. ТАБЛ. 2МГ Х 6","20294","89","4.16",""
"36525","АФИА КАРНОБАТ МАГНИТ","ЧАЙ ЛЕКА НОЩ филтър х20 БИОПРОГРАМА","20307","72","0.80",""
"36525","АФИА КАРНОБАТ МАГНИТ","ДОЛОРЕН ТАБЛ. 200МГ Х 10","20458","94","1.55",""
"36525","АФИА КАРНОБАТ МАГНИТ","НИЯ САПУН КАТРАНЕН+БИЛКИ 60ГР.","20660","83","0.69",""
"36525","АФИА КАРНОБАТ МАГНИТ","ЧАЙ МАТОЧИНА ФИЛТЪР Х 20 БИОПРОГРАМА","20755","72","0.85",""
"36525","АФИА КАРНОБАТ МАГНИТ","ЧАЙ РОДОПСКИ филтър х20 БИОПРОГРАМА","20757","72","0.80",""
"36525","АФИА КАРНОБАТ МАГНИТ","ЧАЙ КАРКАДЕ ФИЛТЪР Х20 АЛИН","20762","72","0.97",""
"36525","АФИА КАРНОБАТ МАГНИТ","ЧАЙ ОТСЛАБВАНЕ филтър х20 БИОПРОГРАМА","20796","72","1.00",""
"36525","АФИА КАРНОБАТ МАГНИТ","ХИП 1 COMBIOTIK адапт.мляко 300г.","20833","64","10.21",""
"36525","АФИА КАРНОБАТ МАГНИТ","ГЪМ четка за зъби technique soft","20848","80","3.33",""
"36525","АФИА КАРНОБАТ МАГНИТ","ВЛ. КЪРПИ BABY BEBELAN СМРАДЛИКА+ЛАЙКА с капак х80","20866","84","1.94",""
"36525","АФИА КАРНОБАТ МАГНИТ","А-ДЕРМА дерматологичен сапун с екстракт от Риалба","21054","83","7.54",""
"36525","АФИА КАРНОБАТ МАГНИТ","ГЪМ четка за зъби activital soft","21076","80","4.85",""
"36525","АФИА КАРНОБАТ МАГНИТ","АЦЦ ЗА ДЕЦА СОЛ 20МГ/МЛ ПЕРОРАЛЕН Р-Р 100МЛ","21657","99","6.85",""
"36525","АФИА КАРНОБАТ МАГНИТ","ДИАЛГИН САШЕТА 1000МГ Х 6 ХИМАКС","21780","96","2.46",""
"36525","АФИА КАРНОБАТ МАГНИТ","ДОЛОРЕН ТАБЛ. 400МГ Х 12","21854","94","2.55",""
"36525","АФИА КАРНОБАТ МАГНИТ","НИЯ САПУН П-В АКНЕ НЕВЕН 60ГР","21884","83","0.69",""
"36525","АФИА КАРНОБАТ МАГНИТ","НИЯ САПУН П-В АКНЕ СМРАДЛИКА 60ГР","21885","83","0.69",""
"36525","АФИА КАРНОБАТ МАГНИТ","САПУН БИРЕН 70г","21886","83","0.69",""
"36525","АФИА КАРНОБАТ МАГНИТ","ЛАКТАНА БИО 2 адпт. мляко 600гр.","21904","65","18.52",""
"36525","АФИА КАРНОБАТ МАГНИТ","ЕЛГИДИУМ ПЗ.АНТИПЛАКА 100ml","21972","81","7.68",""
"36525","АФИА КАРНОБАТ МАГНИТ","АДАПТ. МЛЯКО АПТАМИЛ AR 400ГР","22022","65","14.15",""
"36525","АФИА КАРНОБАТ МАГНИТ","ЧАЙ ФИЛТЪР AHMAD ЧЕРЕН ЧАЙ АНГЛИЙСКА ЗАКУСКА х 20","22072","72","2.95",""
"36525","АФИА КАРНОБАТ МАГНИТ","ЧАЙ ФИЛТЪР AHMAD ЧЕРЕН ЧАЙ ЪРЛ ГРЕЙ х 20","22073","72","2.95",""
"36525","АФИА КАРНОБАТ МАГНИТ","АПТАМИЛ Premature за недоносени деца 400г","22085","65","14.05",""
"36525","АФИА КАРНОБАТ МАГНИТ","АДАПТ. МЛЯКО АПТАМИЛ  БЕЗ ЛАКТОЗА 400ГР","22123","65","11.70",""
"36525","АФИА КАРНОБАТ МАГНИТ","ЧАЙ ЧЕРЕН БЪЗ ФИЛТЪР Х16 БИЛЕК","22353","72","1.68",""
"36525","АФИА КАРНОБАТ МАГНИТ","АЛМИРАЛ ГЕЛ 1,16% 50ГР","22445","95","5.59",""
"36525","АФИА КАРНОБАТ МАГНИТ","АДАПТ. МЛЯКО НАН КОМФОРТИС 1 800Г","22500","65","19.94",""
"36525","АФИА КАРНОБАТ МАГНИТ","ЕЛГИДИУМ ЧЗ.Inspiration S","22681","80","5.95",""
"36525","АФИА КАРНОБАТ МАГНИТ","ДИАЛГИН КАПКИ 500МГ/МЛ 20 МЛ","22854","96","4.18",""
"36525","АФИА КАРНОБАТ МАГНИТ","БОЧКО МОКРИ КЪРПИ ЛАВАНДУЛА Х 64","22865","84","1.20",""
"36525","АФИА КАРНОБАТ МАГНИТ","АДАПТ. МЛЯКО НАН 3 400Г","22871","65","11.43",""
"36525","АФИА КАРНОБАТ МАГНИТ","ИБУТОП КРЕМ 50ГР","22881","94","5.56",""
"36525","АФИА КАРНОБАТ МАГНИТ","ЗЕНАРО ТАБЛ. 5МГ Х 28","22923","100","9.70",""
"36525","АФИА КАРНОБАТ МАГНИТ","ЧАЙ ЛАЙКА ФИЛТЪР Х16 БИЛЕК","22966","72","1.61",""
"36525","АФИА КАРНОБАТ МАГНИТ","ЧАЙ МЕЧО ГРОЗДЕ ФИЛТЪР Х16 БИЛЕК","22967","72","1.61",""
"36525","АФИА КАРНОБАТ МАГНИТ","ТЕО БЕБЕ сапун лавандула 75гр","23016","83","0.86",""
"36525","АФИА КАРНОБАТ МАГНИТ","АДАПТ. МЛЯКО ФРИЗОЛАК ПЕП АС 400ГР","23483","65","15.13",""
"36525","АФИА КАРНОБАТ МАГНИТ","ВЛ. КЪРПИ BABY BEBELAN ЛАЙКА+АЛОЕ с капак х25","23700","84","0.61",""
"36525","АФИА КАРНОБАТ МАГНИТ","ВЛ. КЪРПИ BABY BEBELAN СМРАДЛИКА+ЛАЙКА с капак х25","23701","84","0.61",""
"36525","АФИА КАРНОБАТ МАГНИТ","ХИМАЛАЯ САПУН С НИЙМ И КУРКУМА 75ГР","23777","83","0.99",""
"36525","АФИА КАРНОБАТ МАГНИТ","ВЛ. КЪРПИ BABY BEBELAN НЕВЕН +ЛАЙКА с капак х80","24142","84","1.94",""
"36525","АФИА КАРНОБАТ МАГНИТ","ДАВ сапун кокос 100g","24213","83","1.31",""
"36525","АФИА КАРНОБАТ МАГНИТ","ЧАЙ ФИЛТЪР AHMAD РОЙБОС/КАНЕЛАх 20","24333","72","2.71",""
"36525","АФИА КАРНОБАТ МАГНИТ","ШАМПОАН ХИНИН 500мл.","24460","82","2.66",""
"36525","АФИА КАРНОБАТ МАГНИТ","СТРЕПСИЛС ИНТЕНЗИВ спрей 8.75 mg/dose 15мл","24723","98","8.06",""
"36525","АФИА КАРНОБАТ МАГНИТ","ЕКЗОДЕРИЛ 1%  СОЛ. 20МЛ","25011","90","12.26",""
"36525","АФИА КАРНОБАТ МАГНИТ","САПУН АЛОЕ ВЕРА 60г.","25161","83","0.69",""
"36525","АФИА КАРНОБАТ МАГНИТ","НИЯ САПУН С КОПРИВА 60ГР.","25164","83","0.69",""
"36525","АФИА КАРНОБАТ МАГНИТ","НИЯ САПУН С НЕВЕН 60ГР.","25165","83","0.69",""
"36525","АФИА КАРНОБАТ МАГНИТ","АЦЕЦИС САШЕТА 200МГ Х 20","25316","99","5.10",""
"36525","АФИА КАРНОБАТ МАГНИТ","ЕЛГИДИУМ ПЗ.ДЕТСКА банан 2-6г 50ml","25335","81","5.09",""
"36525","АФИА КАРНОБАТ МАГНИТ","НИЯ САПУН СЪС СМРАДЛИКА 60ГР","25467","83","0.69",""
"36525","АФИА КАРНОБАТ МАГНИТ","АДАПТ. МЛЯКО ФРИЗО 4 400ГР","25541","65","8.63",""
"36525","АФИА КАРНОБАТ МАГНИТ","ЧАЙ МЕНТА ФИЛТЪР Х16 БИЛЕК","25623","72","1.61",""
"36525","АФИА КАРНОБАТ МАГНИТ","ЕЛГИДИУМ ПЗ.ИЗБЕЛВАЩА 75ml лимон","25713","81","7.21",""
"36525","АФИА КАРНОБАТ МАГНИТ","ЧАЙ ФИЛТЪР AHMAD ЧЕРЕН ЧАЙ ЦЕЙЛОН х 20","26073","72","2.95",""
"36525","АФИА КАРНОБАТ МАГНИТ","ЧАЙ ФИЛТЪР AHMAD ПЛОДОВ ПРАСКОВА/МАРАКУЯ  х 20","26074","72","2.95",""
"36525","АФИА КАРНОБАТ МАГНИТ","ЧАЙ ФИЛТЪР AHMAD ПЛОДОВ СЕЛЕКЦИЯ  х 20","26077","72","2.96",""
"36525","АФИА КАРНОБАТ МАГНИТ","АЦЕСАЛ ПРОТЕКТ 100МГ ТАБЛ. Х 40","26085","96","2.96","2.37"
"36525","АФИА КАРНОБАТ МАГНИТ","АДАПТ. МЛЯКО НАН ОПТИПРО 2 800Г","26094","65","20.34",""
"36525","АФИА КАРНОБАТ МАГНИТ","ЗЕРОТРОМБ ТАБЛ. 100МГ Х 30","26128","96","2.49",""
"36525","АФИА КАРНОБАТ МАГНИТ","АЦЦ ЕФ.ТАБЛ. 600МГ Х 10","26148","99","8.64","6.91"
"36525","АФИА КАРНОБАТ МАГНИТ","АКВАФРЕШ паста за зъби intense clean deep action 75 ml","26197","81","3.52","2.64"
"36525","АФИА КАРНОБАТ МАГНИТ","АКВАФРЕШ паста за зъби intense whitening 75 ml","26198","81","3.52","2.64"
"36525","АФИА КАРНОБАТ МАГНИТ","ПАРОДОНТАКС паста за зъби ultra clean 75 ml","26199","81","5.46",""
"36525","АФИА КАРНОБАТ МАГНИТ","НУРОФЕН СУСП. за юноши ягода 200 mg/5ml 100мл","26244","94","5.87",""
"36525","АФИА КАРНОБАТ МАГНИТ","ПАНАКТИВ СУСП. 100МГ/5МЛ 120МЛ","26363","94","3.57",""
"36525","АФИА КАРНОБАТ МАГНИТ","ХИМАЛАЯ САПУН  с краставица 75гр","26570","83","1.12",""
"36525","АФИА КАРНОБАТ МАГНИТ","АДАПТ. МЛЯКО НАН 3 800г","26639","65","19.42",""
"36525","АФИА КАРНОБАТ МАГНИТ","САПУН Докторски","26689","83","1.35",""
"36525","АФИА КАРНОБАТ МАГНИТ","ВЛ. КЪРПИ LARA x 120 бр. лайка","26780","84","1.52",""
"36525","АФИА КАРНОБАТ МАГНИТ","ВЛ. КЪРПИ LARA x 120 бр. гербер","26781","84","1.52",""
"36525","АФИА КАРНОБАТ МАГНИТ","ВЛ. КЪРПИ LARA x 120 бр. алое","26782","84","1.52",""
"36525","АФИА КАРНОБАТ МАГНИТ","ЛАКТАНА БИО 3 адпт. мляко 600гр.","26955","65","15.64",""
"36525","АФИА КАРНОБАТ МАГНИТ","ЧАЙ ЦЯР за пречистване на кръвта  Х30","27072","72","3.39",""
"36525","АФИА КАРНОБАТ МАГНИТ","ЧАЙ ЦЯРЪ ДИАБЕТИЦИ Х30","27159","72","3.39",""
"36525","АФИА КАРНОБАТ МАГНИТ","ИБУРАПИД 400МГ ТАБЛ. Х 10","27217","94","3.95",""
"36525","АФИА КАРНОБАТ МАГНИТ","АЗПИЗАЛ ТАБЛ. 325МГ Х 100","27261","96","2.58",""
"36525","АФИА КАРНОБАТ МАГНИТ","ЛАКАЛУТ ПЗ. АКТИВ 75ml + ЧЕТКA","27410","81","3.87",""
"36525","АФИА КАРНОБАТ МАГНИТ","ХИМАЛАЯ САПУН С МЕД И МЛЯКО 75ГР","27450","83","1.12",""
"36525","АФИА КАРНОБАТ МАГНИТ","НУРОФЕН СУСП. за юноши портокал 200 mg/5ml  100мл","27521","94","6.26",""
"36525","АФИА КАРНОБАТ МАГНИТ","ВЛ. КЪРПИ LARA x 120 бр. лавандула","27579","84","1.52",""
"36525","АФИА КАРНОБАТ МАГНИТ","ПЗ.БИЛКА дент хималайска сол","27618","81","2.22",""
"36525","АФИА КАРНОБАТ МАГНИТ","БИОРИПЕЪР пз Junior 6-12 mint 75 ml","27642","81","3.47",""
"36525","АФИА КАРНОБАТ МАГНИТ","ДИАЛГИН САШЕТА 500mg x 6","27974","96","2.36",""
"36525","АФИА КАРНОБАТ МАГНИТ","ВЛ. КЪРПИ LARA x 120 бр.фамилни + роза","28195","84","1.52",""
"36525","АФИА КАРНОБАТ МАГНИТ","ПЗ.БИЛКА дент хомеопатична дж.+лайм","28291","81","2.51",""
"36525","АФИА КАРНОБАТ МАГНИТ","ПЗ.БИЛКА дент хомеопатична мастиха","28292","81","2.51",""
"36525","АФИА КАРНОБАТ МАГНИТ","ЧАЙ ЦЯР при подагра Х30","28410","72","3.39",""
"36525","АФИА КАРНОБАТ МАГНИТ","ЧАЙ ЦЯР простатит  Х30","28411","72","3.39",""
"36525","АФИА КАРНОБАТ МАГНИТ","ЕКЗОДЕРИЛ 1%  КРЕМ 30ГР","28444","90","9.65",""
"36525","АФИА КАРНОБАТ МАГНИТ","АСПИРИН УЛТРА ТАБЛ. 500МГ Х 20","28454","96","4.72",""
"36525","АФИА КАРНОБАТ МАГНИТ","АСПИРИН УЛТРА ТАБЛ. 500МГ Х 8","28455","96","1.84",""
"36525","АФИА КАРНОБАТ МАГНИТ","ЧАЙ ФИТОЛЕК ЕХИНАЦЕЯ Х20","28467","72","2.00",""
"36525","АФИА КАРНОБАТ МАГНИТ","ХИМАЛАЯ САПУН С БАДЕМ 75ГР","28496","83","1.12",""
"36525","АФИА КАРНОБАТ МАГНИТ","ДЖОНСЪН шампоан лайка 300ml","28660","82","4.49",""
"36525","АФИА КАРНОБАТ МАГНИТ","СТРЕПСИЛС ИНТЕНЗИВ tabl. x 24","28694","98","8.06",""
"36525","АФИА КАРНОБАТ МАГНИТ","АДАПТ. МЛЯКО АПТАМИЛ ADC 400ГР","28964","65","14.57",""
"36525","АФИА КАРНОБАТ МАГНИТ","АЛМИРАЛ ГЕЛ 1,16% 250Г","28978","95","14.46",""
"36525","АФИА КАРНОБАТ МАГНИТ","ВЛ. КЪРПИ LARA x 120 бр.фамилни цитрус","29121","84","1.52",""
"36525","АФИА КАРНОБАТ МАГНИТ","ВЛ. КЪРПИ LARA x 120 бр. премиум","29122","84","1.52",""
"36525","АФИА КАРНОБАТ МАГНИТ","ИБУЛЕК 600МГ САШЕТА Х 10","29538","94","7.32",""
"36525","АФИА КАРНОБАТ МАГНИТ","АСТЕРА PARODONT STOP п.за зъби 75мл.","29847","81","3.21",""
"36525","АФИА КАРНОБАТ МАГНИТ","ВОЛТАРЕН ФОРТЕ ГЕЛ 2,32% 150ГР","29938","95","18.40","14.72"
"36525","АФИА КАРНОБАТ МАГНИТ","СЕНСОДИН паста за зъби RAPID RELIEF 75ml","30004","81","7.76",""
"36525","АФИА КАРНОБАТ МАГНИТ","БИОРИПЕЪР ПЗ PRO WHITE 75ml","30290","81","4.55",""
"36525","АФИА КАРНОБАТ МАГНИТ","ЧАЙ ЛИПА ФИЛТЪР Х16 БИЛЕК","30398","72","1.61",""
"36525","АФИА КАРНОБАТ МАГНИТ","АКАРД ТАБЛ. 75МГ Х 30","30443","96","2.25",""
"36525","АФИА КАРНОБАТ МАГНИТ","ЕЛГИДИУМ ПЗ.АНТИПЛАКА  50мл","30480","81","5.09",""
"36525","АФИА КАРНОБАТ МАГНИТ","СЛЪНЧО КАША 4мес. БАНАНОВА МЛЕЧНА безглутенова 200г.","30687","63","2.50",""
"36525","АФИА КАРНОБАТ МАГНИТ","ИБУЛЕК 400МГ САШЕТА Х 10","30698","94","5.85",""
"36525","АФИА КАРНОБАТ МАГНИТ","СЛЪНЧО КАША 6мес. БИСКВИТЕНО БАНАНОВА млечна 200г.","30699","63","2.65",""
"36525","АФИА КАРНОБАТ МАГНИТ","ЧАЙ ФИЛТЪР AHMAD ЧЕРЕН ЧАЙ АНГЛИЙСКИ X20","30753","72","2.95",""
"36525","АФИА КАРНОБАТ МАГНИТ","АНГАЛ МЕНТОЛ СПРЕЙ 2МГ/МЛ+0,5МГ/МЛ 30МЛ","30922","98","9.74",""
"36525","АФИА КАРНОБАТ МАГНИТ","АНГАЛ МЕНТОЛ ТАБЛ. ЗА СМУЧЕНЕ 5МГ/1МГ Х 24","30923","98","7.45",""
"36525","АФИА КАРНОБАТ МАГНИТ","БИОТРЕЙД  ПЮЪР СКИН ЧЕРЕН ДЕТОКС САПУН 100ГР","31073","83","6.45",""
"36525","АФИА КАРНОБАТ МАГНИТ","СЕНСОДИН четка за зъби gentle care soft","31111","80","4.89",""
"36525","АФИА КАРНОБАТ МАГНИТ","АЦЦ ДИРЕКТ ПРАХ 600МГ Х 10","31211","99","8.69","6.95"
"36525","АФИА КАРНОБАТ МАГНИТ","ВЛ. КЪРПИ LARA x 15 бр. VINTAGE MIX","31213","84","0.26",""
"36525","АФИА КАРНОБАТ МАГНИТ","АЛМИРАЛ ГЕЛ 1,16% 100Г","31255","95","7.60",""
"36525","АФИА КАРНОБАТ МАГНИТ","КСИВОЗАН ТАБЛ. 5МГ Х 10","31346","100","5.21",""
"36525","АФИА КАРНОБАТ МАГНИТ","ОВКО пюре сладък картоф 4+м, 100гр","31432","64","1.02",""
"36525","АФИА КАРНОБАТ МАГНИТ","ОВКО пюре манго с банани 4 м, 190 гр","31433","64","1.14",""
"36525","АФИА КАРНОБАТ МАГНИТ","ОВКО пюре ябълки и моркови 4м, 190гр","31436","64","0.96",""
"36525","АФИА КАРНОБАТ МАГНИТ","ОВКО пюре банан 4м, 190гр","31438","64","1.10",""
"36525","АФИА КАРНОБАТ МАГНИТ","ОВКО пюре манго 4м, 190 гр","31440","64","1.04",""
"36525","АФИА КАРНОБАТ МАГНИТ","ОВКО пюре сливи 4м , 190 гр","31441","64","1.10",""
"36525","АФИА КАРНОБАТ МАГНИТ","ОВКО пюре ябълки и праскови 4м, 190 гр","31442","64","1.15",""
"36525","АФИА КАРНОБАТ МАГНИТ","ОВКО пюре ябълки, кайсии, моркови 4м, 190 гр","31443","64","1.02",""
"36525","АФИА КАРНОБАТ МАГНИТ","ОВКО пюре ябълки, банани и праскови 4м, 190 гр","31444","64","1.10",""
"36525","АФИА КАРНОБАТ МАГНИТ","ОВКО  асорти градински плод 5м, 190 гр","31452","64","1.07",""
"36525","АФИА КАРНОБАТ МАГНИТ","ОВКО пюре тиква с ябълки и моркови 4м, 190гр","31454","64","0.99",""
"36525","АФИА КАРНОБАТ МАГНИТ","ОВКО пюре тиквички с картофи 4м, 190гр","31457","64","1.04",""
"36525","АФИА КАРНОБАТ МАГНИТ","ОВКО мл.каша ябълки и сливи с елда 5м, 190гр","31458","63","1.04",""
"36525","АФИА КАРНОБАТ МАГНИТ","ОВКО мл.каша ябълки, кайсии и овесени ядки 4м, 190гр","31462","63","1.14",""
"36525","АФИА КАРНОБАТ МАГНИТ","ОВКО мл.каша банан, ябълка и бисквити 4м, 190гр","31463","63","1.14",""
"36525","АФИА КАРНОБАТ МАГНИТ","ОВКО мл.каша ябълки,круши и бисквити 4м, 190гр","31464","63","1.14",""
"36525","АФИА КАРНОБАТ МАГНИТ","ОВКО пюре пуешко със зеленчуци 6м, 190гр","31465","64","1.21",""
"36525","АФИА КАРНОБАТ МАГНИТ","ОВКО пюре фин заек и пиле със зеленчуци 6м, 190гр","31467","63","1.53",""
"36525","АФИА КАРНОБАТ МАГНИТ","ОВКО пюре асорти със зеленчуци 4м, 190гр","31468","64","1.02",""
"36525","АФИА КАРНОБАТ МАГНИТ","ОВКО пюре зеленчукова супа с пиле и ориз 6м, 190гр","31469","64","1.26",""
"36525","АФИА КАРНОБАТ МАГНИТ","КЕТОНАЛ КАПС. 50МГ Х 20","31632","94","6.64",""
"36525","АФИА КАРНОБАТ МАГНИТ","ЛАКАЛУТ ПЗ. АНТИ КАРИЕС 75МЛ","32022","81","3.87","2.90"
"36525","АФИА КАРНОБАТ МАГНИТ","НУРОФЕН 7+ за юноши портокал 100мг  дъвч.капс. х 12","32268","94","5.76",""
"36525","АФИА КАРНОБАТ МАГНИТ","АКАРД ТАБЛ. 150МГ Х 30","32390","96","3.37",""
"36525","АФИА КАРНОБАТ МАГНИТ","АКВАФРЕШ паста за зъби fresh&minty  зелена 75ml","32655","81","2.03","1.62"
"36525","АФИА КАРНОБАТ МАГНИТ","МИГ ДЖУНИЪР СИРОП 40МГ/МЛ 100МЛ","32757","94","4.73",""
"36525","АФИА КАРНОБАТ МАГНИТ","АСТЕРА PARODONT ACTIVE ПОМОРИЙСКА ЛУГА п.за зъби 75мл.","32815","81","3.38",""
"36525","АФИА КАРНОБАТ МАГНИТ","ИБУПРОМ НАСТИНКА И ГРИП ЗА ДЕЦА ТАБЛ. 200МГ Х 10","32962","94","3.34",""
"36525","АФИА КАРНОБАТ МАГНИТ","АСТЕРА PARODONT ACTIVE АКТИВЕН ВЪГЛЕН п.за зъби 75мл.","32993","81","3.21",""
"36525","АФИА КАРНОБАТ МАГНИТ","БИОРИПЕЪР ЧЗ SOFT","33066","80","2.61",""
"36525","АФИА КАРНОБАТ МАГНИТ","АНАЛГИН МАКС САШЕ 1000МГ Х 6","33172","96","2.99","2.54"
"36525","АФИА КАРНОБАТ МАГНИТ","ХИП 1 COMBIOTIK адапт.мляко 800г.","33377","65","23.36",""
"36525","АФИА КАРНОБАТ МАГНИТ","ЕЛГИДИУМ ПЗ.мултифункционална 75ml","33411","81","7.21",""
"36525","АФИА КАРНОБАТ МАГНИТ","ЕЛГИДИУМ ПЗ. perioblock  care 75ml","33412","81","7.68",""
"36525","АФИА КАРНОБАТ МАГНИТ","ЕЛГИДИУМ ПЗ.успокояваща за раздразнени венци 75ml","33413","81","7.21",""
"36525","АФИА КАРНОБАТ МАГНИТ","ЛАКАЛУТ ПЗ. АКТИВ & УАЙТ С ЕНЗИМИ 75МЛ","33500","81","4.89",""
"36525","АФИА КАРНОБАТ МАГНИТ","ОВКО пюре зеленчуково 4м , 190 гр","33649","64","1.05",""
"36525","АФИА КАРНОБАТ МАГНИТ","НУРОФЕН лечебен пластир 200mg 2 броя","33678","94","7.40",""
"36525","АФИА КАРНОБАТ МАГНИТ","ИБУПРОМ СПРИНТ МАКС КАПС. 400МГ Х 10","33711","94","4.77",""
"36525","АФИА КАРНОБАТ МАГНИТ","ГЛИМБАКС 0.148 % СПРЕЙ 15ml","33779","95","10.35",""
"36525","АФИА КАРНОБАТ МАГНИТ","ПАРОДОНТАКС паста за зъби herbal 75ml","33794","81","5.46",""
"36525","АФИА КАРНОБАТ МАГНИТ","ПАРОДОНТАКС паста за зъби complete protection  white75ml","33795","81","6.58","4.74"
"36525","АФИА КАРНОБАТ МАГНИТ","ЗЕОЛИТ САПУН 100г.","33945","83","1.77",""
"36525","АФИА КАРНОБАТ МАГНИТ","ЕЛГИДИУМ ПЗ.ДЕТСКА сладка мента 7-12г 50ml","33996","81","5.29",""
"36525","АФИА КАРНОБАТ МАГНИТ","ХИП 2 COMBIOTIK адапт.мляко 800г.","34235","65","23.36",""
"36525","АФИА КАРНОБАТ МАГНИТ","ЧАЙ БЪЗ ЦВЯТ И ЛИМОН  филтър х20 БЧК","34436","72","1.12",""
"36525","АФИА КАРНОБАТ МАГНИТ","ВИТАСИН САПУН с Гераниево масло 70г.","34531","83","1.19",""
"36525","АФИА КАРНОБАТ МАГНИТ","АНАЛГИН МАКС САШЕ 1000МГ Х 20","34552","96","7.99","6.79"
"36525","АФИА КАРНОБАТ МАГНИТ","АПТАМИЛ Comfort 1  Pro Exp 0-6м. 400г","34575","65","13.49",""
"36525","АФИА КАРНОБАТ МАГНИТ","ЕЛГИДИУМ ПЗ.разкриваща плаката 50ml","34576","81","7.06",""
"36525","АФИА КАРНОБАТ МАГНИТ","ЧАЙ ЖЪЛТ КАНТАРИОН ФИЛТЪР Х16","34589","72","1.34",""
"36525","АФИА КАРНОБАТ МАГНИТ","АКВАФРЕШ паста за зъби ACTIVE WHITE 125ml","34623","81","2.69",""
"36525","АФИА КАРНОБАТ МАГНИТ","АКВАФРЕШ паста за зъби деца 9-12 75ml","34624","81","3.52",""
"36525","АФИА КАРНОБАТ МАГНИТ","ЧАЙ ФИЛТЪР AHMAD ЧЕРЕН ЧАЙ СПАЙС X20","34630","72","2.95",""
"36525","АФИА КАРНОБАТ МАГНИТ","АПТАМИЛ Comfort 2  Pro Exp 6+м. 400г","34632","65","13.44",""
"36525","АФИА КАРНОБАТ МАГНИТ","АДАПТ. МЛЯКО ФРИЗОЛАК LF 400ГР","34712","65","11.35",""
"36525","АФИА КАРНОБАТ МАГНИТ","ИБУПРОМ СПРИНТ 200МГ Х10","34772","94","3.92",""
"36525","АФИА КАРНОБАТ МАГНИТ","СТРЕПСИЛС ИНТЕНЗИВ ПОРТОКАЛ таблетки*16","34866","98","5.73",""
"36525","АФИА КАРНОБАТ МАГНИТ","ЧАЙ ЖЪЛТ КАНТАРИОН филтър х 20 БИОПРОГРАМА","34909","72","0.90",""
"36525","АФИА КАРНОБАТ МАГНИТ","ПАНАКТИВ ФОРТЕ СУСП. 200МГ/5МЛ 40МЛ","35058","94","2.83",""
"36525","АФИА КАРНОБАТ МАГНИТ","БЕНАЛГИН РАПИД ПРАХ ЗА ПЕРОР.Р-Р САШЕ Х 10","35202","96","3.92",""
"36525","АФИА КАРНОБАТ МАГНИТ","ЛАКАЛУТ ПЗ.СЕНЗИТИВ & УАЙТ С ЕНЗИМИ 75 МЛ.","35216","81","4.89",""
"36525","АФИА КАРНОБАТ МАГНИТ","СЕНСОДИН паста за зъби sensivity and gum 75ml","35268","81","7.76",""
"36525","АФИА КАРНОБАТ МАГНИТ","КЕТОНАЛ ИНТЕНЗИВ САШЕ 50МГ Х 12","35306","94","7.66",""
"36525","АФИА КАРНОБАТ МАГНИТ","ПЗ ПОМОРИН АКТИВ ПАРОДОНТИТ","35426","81","1.77",""
"36525","АФИА КАРНОБАТ МАГНИТ","ЧАЙ ФИЛТЪР AHMAD ХРАНОСМИЛАНЕ","35651","72","2.85",""
"36525","АФИА КАРНОБАТ МАГНИТ","ЧАЙ ФИЛТЪР AHMAD СЪН","35652","72","2.85",""
"36525","АФИА КАРНОБАТ МАГНИТ","ЕНТЕРОЛ прахчета 250мг.*20","35681","89","13.28",""
"36525","АФИА КАРНОБАТ МАГНИТ","АКВАФРЕШ паста за зъби splash деца 3-8 г.","35790","81","3.52",""
"36525","АФИА КАРНОБАТ МАГНИТ","АДАПТ. МЛЯКО АПТАМИЛ AR2 400ГР","35818","65","13.76",""
"36525","АФИА КАРНОБАТ МАГНИТ","ЕНТЕРОЛ КАПС. 250МГ Х 12","35837","89","6.94",""
"36525","АФИА КАРНОБАТ МАГНИТ","АРОМА САПУН АНТИБАКТЕРИАЛЕН ВЪГЛЕН 90г./ЧИСТО/","35860","83","1.07",""
"36525","АФИА КАРНОБАТ МАГНИТ","ФАРИНГОСЕПТ ТАБЛ. ЗА СМУЧЕНЕ 8,75МГ Х 20","35935","98","4.33",""
"36525","АФИА КАРНОБАТ МАГНИТ","ДИАЛГИН КИДС КАПКИ 500МГ/МЛ 20МЛ","36126","96","4.68",""
"36525","АФИА КАРНОБАТ МАГНИТ","СЛЪНЧО КАША 4мес. ЗЪРНИН М млечна 200г.","36180","63","2.50",""
"36525","АФИА КАРНОБАТ МАГНИТ","СЛЪНЧО КАША 4мес. ПШЕНИЧНО МЛЕЧНА 200г.","36181","63","2.56",""
"36525","АФИА КАРНОБАТ МАГНИТ","СЛЪНЧО КАША 4мес. СЛАДЪК СЪН ОРИЗ МЛЕЧНА безглутенова 200г.","36182","63","2.80",""
"36525","АФИА КАРНОБАТ МАГНИТ","ЛАРА САПУН 375 МЛ. КОКОС","36287","83","1.38",""
"36525","АФИА КАРНОБАТ МАГНИТ","ДАВ сапун РОЗОВ 100g","36301","83","1.31",""
"36525","АФИА КАРНОБАТ МАГНИТ","СЕНСОДИН четка за зъби advanced clean soft","36368","80","4.89",""
"36525","АФИА КАРНОБАТ МАГНИТ","Сапун КРИСПА ЧИСТ ГЛИЦЕРИН+НАР 100ГР","36369","83","1.21",""
"36525","АФИА КАРНОБАТ МАГНИТ","ТЕО БЕБЕ ВЛ.КЪРПИ SENSITIVE 72бр С КАПАК","36475","84","1.56",""
"36525","АФИА КАРНОБАТ МАГНИТ","ЕЛГИДИУМ ПЗ.SENSILEAVE 50 ml","36507","81","7.31",""
"36525","АФИА КАРНОБАТ МАГНИТ","АДАПТ. МЛЯКО НАН КОМФОРТИС 2 800Г","36547","65","19.94",""
"36525","АФИА КАРНОБАТ МАГНИТ","ОКЛИС ФОРТЕ САШЕ 600МГ Х 10","36596","94","6.47",""
"36525","АФИА КАРНОБАТ МАГНИТ","ВЛ. КЪРПИ BABY BEBELAN Сребърна вода х 60","36992","84","1.94",""
"36525","АФИА КАРНОБАТ МАГНИТ","ХИП 3 COMBIOTIK адапт.мляко 500г.","37010","65","12.82",""
"36525","АФИА КАРНОБАТ МАГНИТ","ИБУЛЕК ЗА ДЕЦА СУСП. 100МГ/5МЛ 120МЛ","37116","94","4.06",""
"36525","АФИА КАРНОБАТ МАГНИТ","СТРЕПСИЛС ИНТЕНЗИВ МЕД И ЛИМОН спрей 8.75 mg/dose 15мл","37130","98","8.06",""
"36525","АФИА КАРНОБАТ МАГНИТ","ЧАЙ ЛАЙКА,МЕД И ВАНИЛИЯ  филтър х20 БЧК","37136","72","1.20",""
"36525","АФИА КАРНОБАТ МАГНИТ","ЕНТЕРОЛ caps.250mg x 30","37242","89","15.24",""
"36525","АФИА КАРНОБАТ МАГНИТ","МУКОСОФТ САШЕТА 600МГ Х 10 АДИФАРМ","37406","99","6.12",""
"36525","АФИА КАРНОБАТ МАГНИТ","АНГЕТОП ТАБЛ. 500МГ Х 20","37425","96","1.13",""
"36525","АФИА КАРНОБАТ МАГНИТ","Омалгин, Omalgin перорални капки 500 мг/мл 20 мл","37663","96","3.37",""
"36525","АФИА КАРНОБАТ МАГНИТ","ЕЛГИДИУМ ПЗ. perioblock pro 50ml","37664","81","7.68",""
"36525","АФИА КАРНОБАТ МАГНИТ","ФЛУРБИМЕД МИНТ ТАБЛ. ЗА СМУЧЕНЕ 8,75МГ Х 20","37763","98","5.01",""
"36525","АФИА КАРНОБАТ МАГНИТ","ПАРОДОНТАКС четка за зъби COMPLETE PROTECTION SOFT","37832","80","6.58","4.94"
"36525","АФИА КАРНОБАТ МАГНИТ","ПЗ ПОМОРИН КЛАСИК","37897","81","1.29",""
"36525","АФИА КАРНОБАТ МАГНИТ","ПЗ ПОМОРИН АНТИПАРОДОНТИТ","37898","81","1.29",""
"36525","АФИА КАРНОБАТ МАГНИТ","ЕНТЕРОЛ прахчета 250мг*6","37915","89","4.54",""
"36525","АФИА КАРНОБАТ МАГНИТ","АЦЦ МЕД И ЛИМОН 600МГ САШЕТА Х 10","37930","99","8.69",""
"36525","АФИА КАРНОБАТ МАГНИТ","АКАРД тбл.75мг.х120","37940","96","8.06",""
"36525","АФИА КАРНОБАТ МАГНИТ","ПЗ.БИЛКА дент пародонт избелваща  75ml","37943","81","2.36",""
"36525","АФИА КАРНОБАТ МАГНИТ","НОВАЛАК 1 адапт.мляко кърмач.400гр/0-6м/","38153","65","10.21",""
"36525","АФИА КАРНОБАТ МАГНИТ","НОВАЛАК 2 адапт.мляк кърмач.400гр/6-12м/","38154","65","10.12",""
"36525","АФИА КАРНОБАТ МАГНИТ","НОВАЛАК 3 адапт.мляко преход.400гр/1-3г/","38155","65","9.85",""
"36525","АФИА КАРНОБАТ МАГНИТ","НОВАЛАК AC адапт.мляко колики400г/0-12м/","38156","65","13.12",""
"36525","АФИА КАРНОБАТ МАГНИТ","НОВАЛАК AR адапт.мл повръщане400г/0-12м/","38157","65","11.71",""
"36525","АФИА КАРНОБАТ МАГНИТ","НОВАЛАК IT адапт.мл при запек400г/0-12м/","38158","65","12.04",""
"36525","АФИА КАРНОБАТ МАГНИТ","МИЛОРОФЕН тбл.200мг.х10","38294","94","1.98",""
"36525","АФИА КАРНОБАТ МАГНИТ","ДИКЛОФЛЕКС гел 5% 50г.","38325","95","4.89",""
"36525","АФИА КАРНОБАТ МАГНИТ","АПИВИТА Шампоан за честа употреба 500мл","38464","82","15.61",""
"36525","АФИА КАРНОБАТ МАГНИТ","ЧАЙ Вечерен /лайка , копър , валериана/ 17 пак Yogi Tea","38478","72","4.06",""
"36525","АФИА КАРНОБАТ МАГНИТ","ПАРОДОНТАКС паста за зъби DUO  PACK CLASSIC 2x75ml","38619","81","6.19",""
"36525","АФИА КАРНОБАТ МАГНИТ","НУРОФЕН ЕКСПРЕС ФОРТЕ 400mg меки капсули *20","38658","94","9.69",""
"36525","АФИА КАРНОБАТ МАГНИТ","МУСТЕЛА сапун с колд крем 100г","38694","83","4.05",""
"36525","АФИА КАРНОБАТ МАГНИТ","ЛАКАЛУТ ПЗ. АКТИВ & СЕНЗИТИВ ПАСТА 75 МЛ","38744","81","4.89",""
"36525","АФИА КАРНОБАТ МАГНИТ","NATURE ROSES сапун 75 гр","38969","83","0.77",""
"36525","АФИА КАРНОБАТ МАГНИТ","NATURE ROSES сапун 75 гр бял","38970","83","0.77",""
"36525","АФИА КАРНОБАТ МАГНИТ","АЛЕРГОЗАН 1% КРЕМ 1Г/100ГР 60Г","39040","91","7.65",""
"36525","АФИА КАРНОБАТ МАГНИТ","ПАНАКТИВ BABY супоз.60мг.х5","39186","94","2.45",""
"36525","АФИА КАРНОБАТ МАГНИТ","ПАНАКТИВ BABY супоз.125мг.х5","39187","94","2.77",""
"36525","АФИА КАРНОБАТ МАГНИТ","ПСИЛО-БАЛСАМ ГЕЛ 50ГР","39352","91","8.12",""
"36525","АФИА КАРНОБАТ МАГНИТ","АКВАФРЕШ паста за зъби fresh&minty 50ml","39361","81","1.89","1.51"
"36525","АФИА КАРНОБАТ МАГНИТ","АКВАФРЕШ паста за зъби M&M  125мл","39363","81","2.30",""
"36525","АФИА КАРНОБАТ МАГНИТ","АКВАФРЕШ паста за зъби ACTIVE FRESH 125ml","39364","81","2.69",""
"36525","АФИА КАРНОБАТ МАГНИТ","КУРАПРОКС ПЗ Enzycal Zero 75мл","39624","81","6.43",""
"36525","АФИА КАРНОБАТ МАГНИТ","КУРАПРОКС ПЗ Enzycal 950 75мл","39625","81","6.43",""
"36525","АФИА КАРНОБАТ МАГНИТ","КУРАПРОКС ПЗ Enzycal 1450 75мл","39626","81","7.15",""
"36525","АФИА КАРНОБАТ МАГНИТ","КУРАПРОКС ПЗ [BE YOU] Daydreamer 60 МЛ","39627","81","12.26",""
"36525","АФИА КАРНОБАТ МАГНИТ","КУРАПРОКС ПЗ [BE YOU] Pure happiness  60 МЛ","39628","81","12.26",""
"36525","АФИА КАРНОБАТ МАГНИТ","КУРАПРОКС ПЗ [BE YOU] Explore 60 МЛ","39629","81","12.26",""
"36525","АФИА КАРНОБАТ МАГНИТ","КУРАПРОКС ПЗ [BE YOU] Candy lover 60 МЛ","39630","81","12.26",""
"36525","АФИА КАРНОБАТ МАГНИТ","ЮРИАЖ 1ER BEBE почистващ крем-сапун 100гр.","39661","83","6.69",""
"36525","АФИА КАРНОБАТ МАГНИТ","ВЛ.КЪРПИ EVENT антибакт. алое x15","39743","84","0.40",""
"36525","АФИА КАРНОБАТ МАГНИТ","ВЛ.КЪРПИ EVENT антибакт. невен x15","39744","84","0.40",""
"36525","АФИА КАРНОБАТ МАГНИТ","ВЛ.КЪРПИ EVENT антибакт. лавандула x15","39745","84","0.40",""
"36525","АФИА КАРНОБАТ МАГНИТ","ВЛ.КЪРПИ EVENT антибакт. мандарина x15","39746","84","0.40",""
"36525","АФИА КАРНОБАТ МАГНИТ","ВЛ.КЪРПИ EVENT антибакт. 20% алкохол x15","39747","84","0.49",""
"36525","АФИА КАРНОБАТ МАГНИТ","КУРАПРОКС ПЗ [BE YOU] Challenger  60 МЛ","39837","81","12.26",""
"36525","АФИА КАРНОБАТ МАГНИТ","ВЛ.КЪРПИ PUFIES WW SENSITIVE с капак 64 бр","40048","84","1.94",""
"36525","АФИА КАРНОБАТ МАГНИТ","КЕТАЛГО 50МГ ГРАНУЛИ ЗА ПЕРОРАЛЕН Р-Р В САШЕ Х 6","40084","94","4.35",""
"36525","АФИА КАРНОБАТ МАГНИТ","ОВКО пюре картофи с тиква 4м 190гр","40114","64","1.02",""
"36525","АФИА КАРНОБАТ МАГНИТ","ОВКО меню спагети болонезе 8м+ 220 гр","40115","64","1.48",""
"36525","АФИА КАРНОБАТ МАГНИТ","СЛЪНЧО КАША 6мес. БИСКВИТЕНА млечна с бифидус  200г.","40116","63","2.50",""
"36525","АФИА КАРНОБАТ МАГНИТ","СЛЪНЧО КАША 6мес. млечна ЕЛДА с плодове 200г.","40117","63","2.61",""
"36525","АФИА КАРНОБАТ МАГНИТ","ХИП 1 COMBIOTIK адапт.мляко 350г.","40138","65","11.35",""
"36525","АФИА КАРНОБАТ МАГНИТ","ВЛ.КЪРПИ EVENT антибакт. алое x72","40242","84","1.53",""
"36525","АФИА КАРНОБАТ МАГНИТ","ВЛ.КЪРПИ EVENT антибакт. мандарина x72","40243","84","1.53",""
"36525","АФИА КАРНОБАТ МАГНИТ","ВЛ.КЪРПИ EVENT антибакт. 20% алкохол x60","40244","84","1.64",""
"36525","АФИА КАРНОБАТ МАГНИТ","КУРАПРОКС ПЗ [BE YOU] Rising Star 60 МЛ","40279","81","12.26",""
"36525","АФИА КАРНОБАТ МАГНИТ","АГИВА вл. интимни кърпи","40508","84","0.79",""
"36525","АФИА КАРНОБАТ МАГНИТ","НИЗОРАЛ ШАМПОАН 2% 100МЛ","40549","90","13.69",""
"36525","АФИА КАРНОБАТ МАГНИТ","ВЛ. КЪРПИ PAMPERS sensitive х 52","40636","84","1.53",""
"36525","АФИА КАРНОБАТ МАГНИТ","ФЕЛОРАН ФОРТЕ ГЕЛ 5% 120 ГР СФ","40745","95","8.43","7.17"
"36525","АФИА КАРНОБАТ МАГНИТ","СЕНСОДИН паста за зъби Natural White с активен въглен","40897","81","5.50","3.85"
"36525","АФИА КАРНОБАТ МАГНИТ","БОЧКО ВЛАЖНИ КЪРПИ ПАМУК И ЛАЙКА КАПАК Х 84","40932","84","1.67",""
"36525","АФИА КАРНОБАТ МАГНИТ","ХИП АНТИРЕФЛУКС адапт .мляко 600 гр","41012","65","17.61",""
"36525","АФИА КАРНОБАТ МАГНИТ","ЕЛГИДИУМ ПЗ.ИЗБЕЛВАЩА 50ml","41029","81","5.47",""
"36525","АФИА КАРНОБАТ МАГНИТ","ЛОПЕРАМИД ЕКОФАРМ тбл.2мг.х10","41152","89","2.70",""
"36525","АФИА КАРНОБАТ МАГНИТ","ФЕЛОРАН гел 1% - 120g  Софарма","41160","95","7.58","6.44"
"36525","АФИА КАРНОБАТ МАГНИТ","АКВАФРЕШ паста за зъби naturals mint clean","41284","81","2.30",""
"36525","АФИА КАРНОБАТ МАГНИТ","ЧАЙ ФИТОЛЕК ДЕТОКС Х20","41531","72","2.00",""
"36525","АФИА КАРНОБАТ МАГНИТ","КУРАПРОКС чз CS1560 soft ПРОМО","41636","80","5.50",""
"36525","АФИА КАРНОБАТ МАГНИТ","КСИЗАЛ 0,5МГ/МЛ СИРОП 200МЛ Х 11","41828","100","5.52",""
"36525","АФИА КАРНОБАТ МАГНИТ","ЕЛГИДИУМ ПЗ.ИЗБЕЛВАЩА 100ml  BIO","41852","81","9.20",""
"36525","АФИА КАРНОБАТ МАГНИТ","ЕЛГИДИУМ ПЗ.СЕНЗИТИВ 100ml BIO","41853","81","8.68",""
"36525","АФИА КАРНОБАТ МАГНИТ","АНГАЛ МЕД ТАБЛ. ЗА СМУЧЕНЕ 5МГ/1МГ Х 24","41925","98","7.45",""
"36525","АФИА КАРНОБАТ МАГНИТ","АНГАЛ ЯГОДА ЗА ДЕЦА ТАБЛ. ЗА СМУЧЕНЕ 5МГ/1МГ Х 24","41926","98","7.45",""
"36525","АФИА КАРНОБАТ МАГНИТ","АПТАМИЛ 4 400г ПРОНУТРА","41999","65","10.01",""
"36525","АФИА КАРНОБАТ МАГНИТ","НУРОФЕН ФОРТЕ ТАБЛ.400МГ Х 24","42236","94","8.17",""
"36525","АФИА КАРНОБАТ МАГНИТ","СЛЪНЧО КАША 4мес. ОРИЗОВА безмлечна 180 г","42328","63","2.37",""
"36525","АФИА КАРНОБАТ МАГНИТ","БОЧКО ВЛАЖНИ КЪРПИ ПАМУК И ЛАВАНДУЛА КАПАК Х 84","42347","84","1.67",""
"36525","АФИА КАРНОБАТ МАГНИТ","АПТАМИЛ 1 800г ПРОНУТРА","42367","65","21.16",""
"36525","АФИА КАРНОБАТ МАГНИТ","ЛАКС сол.7.5мг/мл.20мл.","42429","88","4.17",""
"36525","АФИА КАРНОБАТ МАГНИТ","ДРОПЛЕКС 4Г/100Г+1Г/100Г КАПКИ ЗА УШИ Р-Р 15МЛ Х 1","42480","101","4.09",""
"36525","АФИА КАРНОБАТ МАГНИТ","СЛЪНЧО КАША 6мес. ОРИЗОВО МЛЕЧНА С МАНГО,ЯБЪЛКА И БАНАН 200г","42486","63","2.47",""
"36525","АФИА КАРНОБАТ МАГНИТ","ЛАКАЛУТ ПЗ СЕНЗИТИВ ПАСТА 75 МЛ","42491","81","3.87","2.90"
"36525","АФИА КАРНОБАТ МАГНИТ","АПТАМИЛ 2 800г ПРОНУТРА","42492","65","21.16",""
"36525","АФИА КАРНОБАТ МАГНИТ","Сапун КРИСПА БЕБЕ 100 гр","42533","83","0.72",""
"36525","АФИА КАРНОБАТ МАГНИТ","АПТАМИЛ 3 400г ПРОНУТРА","42534","65","10.01",""
"36525","АФИА КАРНОБАТ МАГНИТ","АВЕН XERACALM A.D.СВРЪХОБОГАТЕН САПУН 100г AV","42576","83","9.03","6.59"
"36525","АФИА КАРНОБАТ МАГНИТ","АПТАМИЛ 2 400г ПРОНУТРА","42697","65","10.68",""
"36525","АФИА КАРНОБАТ МАГНИТ","БЕБО ВЛ. КЪРПИЧКИ АЛОЕ ВЕРА 72бр с капак","42708","84","1.57",""
"36525","АФИА КАРНОБАТ МАГНИТ","БЕБО ВЛ. КЪРПИЧКИ ЛАЙКА  72бр с капак","42709","84","1.57",""
"36525","АФИА КАРНОБАТ МАГНИТ","БЕБО ВЛ. КЪРПИЧКИ ЛАВАНДУЛА  90бр с капак","42710","84","1.83",""
"36525","АФИА КАРНОБАТ МАГНИТ","БЕБО ВЛ.КЪРПИЧКИ SENSITIVE 80бр. С НОВ РИДЖИТ","42711","84","1.72",""
"36525","АФИА КАРНОБАТ МАГНИТ","БОЧКО МОКРИ КЪРПИ ПАМУК И СМРАДЛИКА Х 84 КАПАК","42745","84","1.67",""
"36525","АФИА КАРНОБАТ МАГНИТ","АПТАМИЛ 1 400г ПРОНУТРА","42844","65","10.68",""
"36525","АФИА КАРНОБАТ МАГНИТ","Сапун КРИСПА ДОКТОРСКИ 100гр.","42927","83","1.11",""
"36525","АФИА КАРНОБАТ МАГНИТ","ВЛ.КЪРПИ PUFIES WW CLEAN&FRESH  с капак 64 бр","43023","84","1.94",""
"36525","АФИА КАРНОБАТ МАГНИТ","САПУН МИНИ СЪС ЗЕОЛИТ БИОХЕРБА","43057","83","1.40",""
"36525","АФИА КАРНОБАТ МАГНИТ","БЕБО ВЛ.КЪРПИЧКИ МИЦЕЛАРНА ВОДА 64бр. С КАПАК","43128","84","2.08",""
"36525","АФИА КАРНОБАТ МАГНИТ","КСАЛЕРГАН 5МГ/МЛ ПЕРОР. КАПКИ 20МЛ Х 1","43431","100","5.17",""
"36525","АФИА КАРНОБАТ МАГНИТ","ЕЛГИДИУМ ПЗ.ТАЙМЕР ПАСТА ЗА ЗЪБИ 50МЛ.","43434","81","5.88",""
"36525","АФИА КАРНОБАТ МАГНИТ","ОМАЛГИН тбл.500мг.х20","43468","96","1.05",""
"36525","АФИА КАРНОБАТ МАГНИТ","EVENT бебешки кърпи АЛОЕ 20бр","43620","84","0.64",""
"36525","АФИА КАРНОБАТ МАГНИТ","EVENT бебе кърпи АЛОЕ 72","43624","84","1.10",""
"36525","АФИА КАРНОБАТ МАГНИТ","ЛАРА САПУН 375 МЛ. МАЛИНА","43778","83","1.38",""
"36525","АФИА КАРНОБАТ МАГНИТ","ЛАРА САПУН 375 МЛ. ЛАЙМ","43780","83","1.38",""
"36525","АФИА КАРНОБАТ МАГНИТ","САПУН ПРОЛЕТ","43850","83","1.78",""
"36525","АФИА КАРНОБАТ МАГНИТ","ЛАКАЛУТ ПЗ. АКТИВ  ПЛЮС 75мл","43910","81","4.89",""
"36525","АФИА КАРНОБАТ МАГНИТ","ЕЛГИДИУМ ПЗ.ЧУВСТВИТЕЛНИ ВЕНЦИ 100МЛ.BIO","43921","81","8.90",""
"36525","АФИА КАРНОБАТ МАГНИТ","КЕТАЛГО 50МГ ГРАНУЛИ ЗА ПЕРОРАЛЕН Р-Р В САШЕ Х 12","43979","94","6.83",""
"36525","АФИА КАРНОБАТ МАГНИТ","БЕБО ВЛ.КЪРПИЧКИ С 99% ВОДА х 15БР.","44040","84","0.61",""
"36525","АФИА КАРНОБАТ МАГНИТ","БЕБО ULTRA SOFT 80бр. ПЛЪТНИ ВЛ. КЪРПИЧКИ х12","44053","84","1.72",""
"36525","АФИА КАРНОБАТ МАГНИТ","СЛЪНЧО КАША 4мес. БАНАНОВО ЯБЪЛКОВА млечна 200г.","44061","63","2.37",""
"36525","АФИА КАРНОБАТ МАГНИТ","МОКРИ ПОЧИСТВАЩИ КЪРПИ FAMILY СЕПТОНА 100бр с капак","44073","84","1.82",""
"36525","АФИА КАРНОБАТ МАГНИТ","ВЛ. КЪРПИ LARA  ЗА ВЪЗРАСТНИ 50 БР.","44255","84","1.68",""
"36525","АФИА КАРНОБАТ МАГНИТ","ИБУПРОМ СПРИНТ МАКС капс.400мг.х20","44304","94","8.48",""
"36525","АФИА КАРНОБАТ МАГНИТ","ВЛ.КЪРПИ СЕПТОНА  БЕБЕ ЛАЙКА 80бр с капак","44306","84","1.82",""
"36525","АФИА КАРНОБАТ МАГНИТ","ВЛ.КЪРПИ EVENT WC КОКОС 60","44409","84","1.38",""
"36525","АФИА КАРНОБАТ МАГНИТ","ВЛ.КЪРПИ EVENT WC ЛАЙКА 60","44410","84","1.38",""
"36525","АФИА КАРНОБАТ МАГНИТ","ВЛ.КЪРПИ EVENT WC ЛАЙКА КИДС 60","44411","84","1.38",""
"36525","АФИА КАРНОБАТ МАГНИТ","ВЛ.КЪРПИ EVENT WC ПАМУК И АЛОЕ 42","44412","84","1.38",""
"36525","АФИА КАРНОБАТ МАГНИТ","ЧЕРВЕНА БОРОВИНКА филтър х20 FLOSANA","44484","72","1.17",""
"36525","АФИА КАРНОБАТ МАГНИТ","ЧАЙ ЗА СЪРЦЕ филтър х20 Биопрограма","44545","72","1.00",""
"36525","АФИА КАРНОБАТ МАГНИТ","СЕНСОДИН паста за зъби COMPLETE PROTECTION + 75МЛ","44620","81","7.76",""
"36525","АФИА КАРНОБАТ МАГНИТ","АПТАМИЛ 1 800г ЦЕЗАРБИО","44651","65","24.49",""
"36525","АФИА КАРНОБАТ МАГНИТ","АПТАМИЛ 2 800г ЦЕЗАРБИО","44652","65","23.72",""
"36525","АФИА КАРНОБАТ МАГНИТ","КСАЛЕРГАН 5МГ ФИЛМ.ТАБЛ. Х 20","44775","100","8.01",""
"36525","АФИА КАРНОБАТ МАГНИТ","САПУН КРИСПА МЕД+ГЛИЦЕРИН 75Г","44914","83","0.65",""
"36525","АФИА КАРНОБАТ МАГНИТ","ЛАКАЛУТ ПЗ. МУЛТИ ЕФЕКТ ПЛЮС 75МЛ","44939","81","3.87","2.90"
"36525","АФИА КАРНОБАТ МАГНИТ","ВЛ.КЪРПИ EVENT антиб.kids х 15 (сини)","45023","84","0.46",""
"36525","АФИА КАРНОБАТ МАГНИТ","ВЛ.КЪРПИ EVENT антиб.kids х 15(розови)","45024","84","0.46",""
"36525","АФИА КАРНОБАТ МАГНИТ","ДИКЛАК МАКС 5% ГЕЛ 150Г","45076","95","14.82",""
"36525","АФИА КАРНОБАТ МАГНИТ","ЧАЙ БРОНХО ПАМ БУТИКОВА СЕРИЯ филтър х20","45122","72","4.10",""
"36525","АФИА КАРНОБАТ МАГНИТ","СЕНСОДИН паста за зъби sensivity and gum  WHITE 75ml","45138","81","7.76",""
"36525","АФИА КАРНОБАТ МАГНИТ","БОЧКО ВЛАЖНИ КЪРПИ ПАМУК И НЕВЕН КАПАК Х 84","45159","84","1.75",""
"36525","АФИА КАРНОБАТ МАГНИТ","ВЛ.КЪРПИ СЕПТОНА  БЕБЕ АЛОЕ 60бр","45177","84","1.37",""
"36525","АФИА КАРНОБАТ МАГНИТ","ЛАКАЛУТ ПЗ ПЪРФЕКТ УАЙТ 75МЛ","45353","81","3.87","2.90"
"36525","АФИА КАРНОБАТ МАГНИТ","НОВАЛАК RICE AR мляко 400г.","45477","65","15.75",""
"36525","АФИА КАРНОБАТ МАГНИТ","САПУН ЖЕН-ШЕН 60г.","45586","83","0.69",""
"36525","АФИА КАРНОБАТ МАГНИТ","ИБУЛЕК 200МГ САШЕТА Х 10","45604","94","4.39",""
"36525","АФИА КАРНОБАТ МАГНИТ","ВЛ. КЪРПИ LARA x 80 бр. лайка","45709","84","1.17",""
"36525","АФИА КАРНОБАТ МАГНИТ","АКВАФРЕШ паста за зъби All in One Crystal  Whit 100ml","45747","81","2.85",""
"36525","АФИА КАРНОБАТ МАГНИТ","ВЛ. КЪРПИ PAMPERS fresh clean  х 52","45874","84","1.53",""
"36525","АФИА КАРНОБАТ МАГНИТ","АРОМА САПУН ТЕЧЕН WHITE BLOSSOM за чувст.кожа 400мл.+100мл.П","45917","83","1.69",""
"36525","АФИА КАРНОБАТ МАГНИТ","ЧЗ ТРИЗА FOCUS SOFT","45930","80","0.90",""
"36525","АФИА КАРНОБАТ МАГНИТ","ЧЗ ТРИЗА SMILE SOFT /SWISS CLEAN/","45931","80","0.86",""
"36525","АФИА КАРНОБАТ МАГНИТ","ЧАЙ ФИЛТЪР AHMAD СПЕЦ.СЕЛ. БЕЗКОФЕИН x 20","45977","72","3.31",""
"36525","АФИА КАРНОБАТ МАГНИТ","ИБУТОП КРЕМ 100 гр","46049","94","9.14",""
"36525","АФИА КАРНОБАТ МАГНИТ","РЕСПИФОРТИН 600 MG ACETYLCYSTEINE, ЕФ. ТАБЛ. Х 10","46051","99","7.65",""
"36525","АФИА КАРНОБАТ МАГНИТ","СЕНСОДИН паста за зъби антикариес 75ml","46150","81","5.50","3.85"
"36525","АФИА КАРНОБАТ МАГНИТ","ВЛ.КЪРПИ EVENT антибакт. невен x30","46202","84","0.70",""
"36525","АФИА КАРНОБАТ МАГНИТ","ПАРАБОЛ МАКС 400МГ КАПС. Х 10","46205","94","4.48",""
"36525","АФИА КАРНОБАТ МАГНИТ","EVENT бебешки кърпи ВОДА  20бр","46233","84","0.64",""
"36525","АФИА КАРНОБАТ МАГНИТ","EVENT бебешки кърпи ВОДА 60бр","46234","84","1.66",""
"36525","АФИА КАРНОБАТ МАГНИТ","EVENT бебешки кърпи SOFT 3в1  20бр","46235","84","0.61",""
"36525","АФИА КАРНОБАТ МАГНИТ","EVENT бебешки кърпи SOFT 3в1  84бр","46236","84","1.66",""
"36525","АФИА КАРНОБАТ МАГНИТ","НОВАЛАК ALLERNOVA AR 400Г","46248","65","16.18",""
"36525","АФИА КАРНОБАТ МАГНИТ","ТРАКТУС 600МГ ПРАХ ЗА ПЕРОРАЛЕН Р-Р В САШЕ Х 10","46321","99","6.47",""
"36525","АФИА КАРНОБАТ МАГНИТ","СЕНСОДИН паста за зъби PRONAMEL JUNIOR 50ML.","46356","81","4.54",""
"36525","АФИА КАРНОБАТ МАГНИТ","АНАЛГИН ТАБЛ.500МГ Х 30","46420","96","2.29",""
"36525","АФИА КАРНОБАТ МАГНИТ","ИБУПРОМ ФОРТЕ 400МГ ФИЛМ.ТАБЛ. Х 12","46531","94","3.53",""
"36525","АФИА КАРНОБАТ МАГНИТ","БЕБО ВЛ. КЪРПИЧКИ ЛАЙКА  15бр","46594","84","0.46",""
"36525","АФИА КАРНОБАТ МАГНИТ","ТЕО БЕБЕ МОКРИ КЪРПИЧКИ ЛАВАНДУЛА 72 бр","46841","84","1.56",""
"36525","АФИА КАРНОБАТ МАГНИТ","ВЛ.КЪРПИ PALOMITA БЕБЕ 72+28 С КАПАК","46845","84","1.52",""
"36525","АФИА КАРНОБАТ МАГНИТ","ВЛ. КЪРПИ BABY BEBELAN 99.6% вода х 64","46924","84","1.89",""
"36525","АФИА КАРНОБАТ МАГНИТ","ДИКЛАК 12 ЧАСА 23,2 мг/г гел 50гр","46946","95","8.58",""
"36525","АФИА КАРНОБАТ МАГНИТ","ДИКЛАК 12 ЧАСА 2.32% мг/г 100гр","47003","95","11.74",""
"36525","АФИА КАРНОБАТ МАГНИТ","ЧАЙ ЧЕРЕН ФИЛТЪР Х20 БИОПРОГРАМА","37135","72","0.80",""
"36525","АФИА КАРНОБАТ МАГНИТ","ВЛ.КЪРПИ EVENT антибакт. невен x140","47097","84","2.05",""
"36525","АФИА КАРНОБАТ МАГНИТ","БУСКОЛИЗИН обв. тб. 10мг х 30","47308","87","3.99","3.39"
"36525","АФИА КАРНОБАТ МАГНИТ","ЕЛГИДИУМ ПЗ.DECAY PROTECTION  АНТИКАРИЕС 75ml","47347","81","7.21",""
"36525","АФИА КАРНОБАТ МАГНИТ","ОЛИНТ DUO наз.спрей 1мг/мл.+50мг/мл.10мл.","47405","97","6.12",""
"36525","АФИА КАРНОБАТ МАГНИТ","ВЛ.КЪРПИ EVENT антибакт. лайка x72","47433","84","1.10",""
"36525","АФИА КАРНОБАТ МАГНИТ","АГИВА Гъба за баня сапун на перли Лайм FRUIT SALAD","47434","83","2.50",""
"36525","АФИА КАРНОБАТ МАГНИТ","ОРОФАР ИНТЕНС 8,75МГ/ДОЗА СПРЕЙ 15МЛ","47436","98","7.65",""
"36525","АФИА КАРНОБАТ МАГНИТ","ВЛ.КЪРПИ EVENT бебешки лайка x72","47437","84","1.10",""
"36525","АФИА КАРНОБАТ МАГНИТ","ПЗ.БИЛКА МЕД 75 МЛ.","47443","81","2.36",""
"36525","АФИА КАРНОБАТ МАГНИТ","САПУН EvBABY VIT.F 90г","47483","83","0.61",""
"36525","АФИА КАРНОБАТ МАГНИТ","ДУЛКОЛАКС 10МГ СУПОЗИТОРИИ Х6","47553","88","5.86",""
"36525","АФИА КАРНОБАТ МАГНИТ","БЕБО ВЛ.КЪРПИЧКИ НОВОРОДЕНО  64бр. С КАПАК","47635","84","1.82",""
"36525","АФИА КАРНОБАТ МАГНИТ","СЕНСОДИН паста за зъби CLINICAL REPAIR 75ML","47644","81","7.76",""
"36525","АФИА КАРНОБАТ МАГНИТ","ДЕВА DNB ШАМПОАН ХИНИН + АРГАН 500МЛ.","47849","82","2.19",""
"36525","АФИА КАРНОБАТ МАГНИТ","АРОМА ШАМПОАН НАТУРАЛ АЛОЕ МЛЯКО 400мл.","47852","82","2.03",""
"36525","АФИА КАРНОБАТ МАГНИТ","СЕНСОДИН паста за зъби PRONAMEL KIDS 2-6 50ML.","47904","81","4.54",""
"36525","АФИА КАРНОБАТ МАГНИТ","ЧАЙ СЕНА АФИА  филтър","48050","72","1.99",""
"36525","АФИА КАРНОБАТ МАГНИТ","ЧАЙ ЛАЙКА АФИА  филтър","48051","72","1.99",""
"36525","АФИА КАРНОБАТ МАГНИТ","ЧАЙ ДЕТОКС И ИМУНИТЕТ АФИА  филтър","48052","72","1.99",""
"36525","АФИА КАРНОБАТ МАГНИТ","ЧАЙ СЛАБИТЕЛЕН АФИА  филтър","48053","72","1.99",""
"36525","АФИА КАРНОБАТ МАГНИТ","ВОЛТАРЕН 140МГ ЛЕЧЕБЕН ПЛАСТИР Х 5","48138","95","17.36","13.89"
"36525","АФИА КАРНОБАТ МАГНИТ","ВЛ. КЪРПИ LARA АКВА 99,5% БИОРАЗГР. x 72 БР.","48158","84","1.69",""
"36525","АФИА КАРНОБАТ МАГНИТ","ХИП 4 КОМБ.МЛ.МАЛКИ ДЕЦА 500 ГР.","48182","65","12.08",""
"36525","АФИА КАРНОБАТ МАГНИТ","АВЕН CLEANANCE ПОЧИСТВАЩ САПУН 100ГР. AV","48307","83","7.63","5.57"
"36525","АФИА КАРНОБАТ МАГНИТ","СТРЕПСИЛС ИНТЕНЗИВ МЕД И ЕВКАЛИПТ ТАБЛ. Х 16","48369","98","5.73",""
"36525","АФИА КАРНОБАТ МАГНИТ","КЕТАЛГО 25мг 10 табл.","48378","94","5.14",""
"36525","АФИА КАРНОБАТ МАГНИТ","АКВАФРЕШ паста за зъби PLUS VISIBLE WHITE 75МЛ.","48413","81","2.81","2.11"
"36525","АФИА КАРНОБАТ МАГНИТ","АКВАФРЕШ паста за зъби PLUS FRESH FEEL 75МЛ.","48414","81","2.81","2.11"
"36525","АФИА КАРНОБАТ МАГНИТ","СЕНСОДИН паста за зъбиЗ REPAIR & PROTECT WHITENING 75ML","48480","81","7.76",""
"36525","АФИА КАРНОБАТ МАГНИТ","СЕНСОДИН паста за зъби CLINICAL REPAIR WHITE 75ML","48481","81","7.76",""
"36525","АФИА КАРНОБАТ МАГНИТ","СЕНСОДИН паста за зъби COMPLETE PROTECTION WHITE 75ML","48482","81","7.76",""
"36525","АФИА КАРНОБАТ МАГНИТ","ВЛ. КЪРПИ BABY BEBELAN ЛАЙКА+АЛОЕ с капак х 64","48486","84","1.53",""
"36525","АФИА КАРНОБАТ МАГНИТ","ВЛ. КЪРПИ BABY BEBELAN СМРАДЛИКА+ЛАЙКА с капак х 64","48487","84","1.53",""
"36525","АФИА КАРНОБАТ МАГНИТ","АКВАФРЕШ паста за зъби mild &minti 125 ml.","48514","81","2.69",""
"36525","АФИА КАРНОБАТ МАГНИТ","БИЛКА НЕВЕН ШАМПОАН ЗА КОСА 400МЛ.","48554","82","3.33",""
"36525","АФИА КАРНОБАТ МАГНИТ","МУСТЕЛА МОКРИ КЪРПИЧКИ С ВОДА БЕЗ ПАРФЮМ Х 60","48570","84","5.92",""
"36525","АФИА КАРНОБАТ МАГНИТ","ЕЛГИДИУМ ЧЗ 4в1 S","48692","80","10.46",""
"36525","АФИА КАРНОБАТ МАГНИТ","ЛАКСАКОДИЛ 5МГ СУ ТАБЛ. Х 30","48727","88","2.21",""
"36525","АФИА КАРНОБАТ МАГНИТ","НОВАЛАК 1 адапт.мляк кърмач. 800г./0-6мес./","48740","65","19.44",""
"36525","АФИА КАРНОБАТ МАГНИТ","ОКЛИС ЕКСПРЕС 400 мг x 10 сашети","48782","94","5.71",""
"36525","АФИА КАРНОБАТ МАГНИТ","ЕНТЕРОЛ ФОРТЕ саше 500мг х 10","49046","89","9.82",""
"36525","АФИА КАРНОБАТ МАГНИТ","ОКЛИС ЕКСПРЕС 400 мг x 20 сашети","49081","94","9.53",""
"36525","АФИА КАРНОБАТ МАГНИТ","НУРОФЕН ЕКСПРЕС ФОРТЕ КОМПАКТ 400МГ КАПС. Х 10","49172","94","6.12",""
"36525","АФИА КАРНОБАТ МАГНИТ","НУРОФЕН ЕКСПРЕС ФОРТЕ КОМПАКТ 400МГ КАПС. Х 20","49173","94","10.67",""
"36525","АФИА КАРНОБАТ МАГНИТ","АКВАФРЕШ паста за зъби DEEP CLEAN WHITE RENEW 75ML","49246","81","3.52","2.64"
"36525","АФИА КАРНОБАТ МАГНИТ","GERBER КАША МАНГО БАНАН 240ГР.","49265","63","3.79",""
"36525","АФИА КАРНОБАТ МАГНИТ","GERBER КАША ЙОГ.БАН.КРУША 240ГР","49266","63","3.79",""
"36525","АФИА КАРНОБАТ МАГНИТ","GERBER 2929 ПЮРЕ СУПА КАРФИОЛ И ЗАЕК 190","49272","64","1.74",""
"36525","АФИА КАРНОБАТ МАГНИТ","GERBER 7214 ПЮРЕ ЗЕЛЕНЧ. С ТЕЛЕШКО И МАКАРОНИ 190ГР","49273","64","1.74",""
"36525","АФИА КАРНОБАТ МАГНИТ","GERBER 7889 ПЮРЕ РИЗОТО ПУЙКА ЗЕЛ. 250ГР","49274","64","2.20",""
"36525","АФИА КАРНОБАТ МАГНИТ","АДАПТ. МЛЯКО NAN 1 OPTIPRO 400ГР","49280","65","12.59",""
"36525","АФИА КАРНОБАТ МАГНИТ","АДАПТ. МЛЯКО NAN 2 OPTIPRO 400ГР","49281","65","12.57",""
"36525","АФИА КАРНОБАТ МАГНИТ","АДАПТ. МЛЯКО NAN 3 OPTIPRO 400ГР","49282","65","10.38",""
"36525","АФИА КАРНОБАТ МАГНИТ","АДАПТ. МЛЯКО NAN COMFORT 400ГР","49283","65","15.08",""
"36525","АФИА КАРНОБАТ МАГНИТ","ПАРАБОЛ МАКС 400МГ КАПС. Х 20","49296","94","8.63",""
"36525","АФИА КАРНОБАТ МАГНИТ","НОВАЛАК 2 адапт.мляк кърмач. 800г./6-12мес./","49320","65","18.78",""
"36525","АФИА КАРНОБАТ МАГНИТ","ОТОФИКС 40МГ/Г + 10МГ/Г КАПКИ ЗА УШИ 15МЛ Х 1","49354","101","3.88",""
"36525","АФИА КАРНОБАТ МАГНИТ","СЕНСОДИН паста за зъби CAVITY  75ml","49375","81","5.10",""
"36525","АФИА КАРНОБАТ МАГНИТ","ХИП 1 ORGANIC АДАПТ. МЛЯКО 600ГР.","49423","65","13.63",""
"36525","АФИА КАРНОБАТ МАГНИТ","ХИП 2 ORGANIC АДАПТ. МЛЯКО 600ГР.","49424","65","13.63",""
"36525","АФИА КАРНОБАТ МАГНИТ","СЕНСОДИН паста за зъби CAVITY + SENSITIVITY 75ml","49449","81","5.10",""
"36525","АФИА КАРНОБАТ МАГНИТ","ЕФИЗОЛ ИНТЕНЗ 8,75МГ ТАБЛ. ЗА СМУЧЕНЕ Х 24","49588","98","6.39","5.56"
"36525","АФИА КАРНОБАТ МАГНИТ","НОВАЛАК AR ДАЙДЖЕСТ+ АДАПТИР.МЛЯКО 400гр","49605","65","14.85",""
"36525","АФИА КАРНОБАТ МАГНИТ","ЧАЙ С ЛАЙКА И АНАСОН БИО 20 ФИЛ.ПАК./MANZANILLA","49697","72","3.13",""
"36525","АФИА КАРНОБАТ МАГНИТ","КУРАПРОКС ПЗ Enzycal 950;  10 ml","49711","81","2.39",""
"36525","АФИА КАРНОБАТ МАГНИТ","МОБИЛАТ ЕМУЛГЕЛ 2,32% ГЕЛ 180Г Х 1","49715","95","19.10",""
"36525","АФИА КАРНОБАТ МАГНИТ","АРОМА ШАМПОАН НАТУРАЛ ЯЙЧЕН 400мл.","49799","82","1.86",""
"57491","АФИА ПОМОРИЕ","ГЕЛОМИРТОЛ ФОРТЕ КАПС.300МГ Х 20","1336","99","8.64",""
"57491","АФИА ПОМОРИЕ","АЦЦ 200 ПРАХЧЕТА 200МГ Х 20","1338","99","6.97",""
"57491","АФИА ПОМОРИЕ","АЦЕТИЗАЛ  ТАБЛ. 500МГ Х 20 АК","1747","96","1.40",""
"57491","АФИА ПОМОРИЕ","АЛКА-ЗЕЛЦЕР ЕФ.ТАБЛ. 324МГ Х 10","1750","96","3.02",""
"57491","АФИА ПОМОРИЕ","БЕНАЛГИН ТАБЛ. Х 20","1767","96","2.86",""
"57491","АФИА ПОМОРИЕ","АЛЕРГОЗАН ДРАЖ. 25МГ Х 20","1896","91","3.71",""
"57491","АФИА ПОМОРИЕ","АЛМАГЕЛ СУСП. 170МЛ","2036","86","2.55",""
"57491","АФИА ПОМОРИЕ","БИЗАКОДИЛ СУПОЗ. 10МГ Х 6","2041","88","3.15",""
"57491","АФИА ПОМОРИЕ","БИЗАЛАКС ТАБЛ. 5 МГ Х 30","2043","88","2.44",""
"57491","АФИА ПОМОРИЕ","ФЕНОЛАКС ДРАЖ. 5МГ Х 30","2069","88","1.72",""
"57491","АФИА ПОМОРИЕ","ИМОДИУМ КАПС. 2МГ Х 6","2078","89","3.51",""
"57491","АФИА ПОМОРИЕ","СПАЗМАЛГОН ТАБЛ. Х 20","2096","87","3.82","3.63"
"57491","АФИА ПОМОРИЕ","ТАЛЦИД ТАБЛ. 500МГ Х 20","2099","86","4.19",""
"57491","АФИА ПОМОРИЕ","ОТИПАКС СОЛ. 15МЛ","2273","101","3.98",""
"57491","АФИА ПОМОРИЕ","ИБУТОП ГЕЛ 50ГР","2322","94","5.56",""
"57491","АФИА ПОМОРИЕ","РЕПАРИЛ ГЕЛ N 40Г","2341","95","6.12",""
"57491","АФИА ПОМОРИЕ","ВОЛТАРЕН ЕМУЛГЕЛ 1,16% 50ГР","2348","95","6.32","4.99"
"57491","АФИА ПОМОРИЕ","АЛЕРГОЗАН КРЕМ 18Г","2359","91","4.03",""
"57491","АФИА ПОМОРИЕ","АЛЕРГОЗАН УНГВ. 18Г","2360","91","4.02",""
"57491","АФИА ПОМОРИЕ","ЕКЗОДЕРИЛ 1%  КРЕМ 15ГР","2409","90","6.08",""
"57491","АФИА ПОМОРИЕ","ЕКЗОДЕРИЛ 1%  СОЛ. 10МЛ","2410","90","7.51",""
"57491","АФИА ПОМОРИЕ","ЙОДАСЕПТ УНГВ. 90Г","2430","92","4.60",""
"57491","АФИА ПОМОРИЕ","ЧАЙ САНИЕ СВЕТЛОЗЕЛЕН ФИЛТЪР Х 30TNT21","3089","72","3.54",""
"57491","АФИА ПОМОРИЕ","ЧАЙ УСПОКОИТЕЛЕН ФИЛТЪР 1,5ГР Х 20 ЕВЕЛИН","3090","72","2.25",""
"57491","АФИА ПОМОРИЕ","ЧАЙ БЕБЕЗАН ФИЛТЪР 1,5ГР Х 20 ЕВЕЛИН","3098","72","2.27",""
"57491","АФИА ПОМОРИЕ","ЧАЙ БРОНХОЛИН ФИЛТЪР Х 20 ЕВЕЛИН","3100","72","2.20",""
"57491","АФИА ПОМОРИЕ","АДАПТ. МЛЯКО ФРИЗОВОМ 400ГР","3115","65","12.37",""
"57491","АФИА ПОМОРИЕ","АДАПТ. МЛЯКО ФРИЗОЛАК 1 400ГР + ЛЪЖИЧКА","3118","65","9.28",""
"57491","АФИА ПОМОРИЕ","ЛАКАЛУТ ПЗ. АКТИВ 75мл","3429","81","3.87","2.90"
"57491","АФИА ПОМОРИЕ","АКВАФРЕШ паста за зъби детска 3-5 години little teeth","3433","81","3.52",""
"57491","АФИА ПОМОРИЕ","АДАПТ. МЛЯКО НАН НА 400Г 0-12 МЕСЕЦА","3638","65","13.29",""
"57491","АФИА ПОМОРИЕ","АКВАФРЕШ паста за зъби fresh&minty125ml синя","3930","81","2.69",""
"57491","АФИА ПОМОРИЕ","АНАЛГИН ТАБЛ. 500МГ 2 Х 10 СФ","4202","96","1.67",""
"57491","АФИА ПОМОРИЕ","ПАРОДОНТАКС паста за зъби F 75МЛ","4271","81","5.46",""
"57491","АФИА ПОМОРИЕ","ТРОМБО ASS 100МГ Х 30 ГЕРОТ","4322","96","1.38",""
"57491","АФИА ПОМОРИЕ","ДИКЛАК МАКС ГЕЛ 5% 50Г","4407","95","7.15",""
"57491","АФИА ПОМОРИЕ","ЛОПЕДИУМ КАПС. 2МГ Х 10","4440","89","3.56",""
"57491","АФИА ПОМОРИЕ","МИРТОЛ КАПС.120МГ Х 20","4966","99","4.80",""
"57491","АФИА ПОМОРИЕ","ЕЛГИДИУМ ПЗ.АНТИПЛАКА 75ml","5207","81","6.53",""
"57491","АФИА ПОМОРИЕ","НУРОФЕН ТАБЛ. 200МГ Х 12","5237","94","3.39",""
"57491","АФИА ПОМОРИЕ","ЕЛГИДИУМ ПЗ.ИЗБЕЛВАЩА 75ml","5605","81","7.21",""
"57491","АФИА ПОМОРИЕ","ДАВ сапун exfoliating 100g","5666","83","1.31",""
"57491","АФИА ПОМОРИЕ","НУРОФЕН СУСП. 100МГ/5МЛ 100МЛ /ПОРТОКАЛ/","5803","94","4.54",""
"57491","АФИА ПОМОРИЕ","ДАВ сапун original cream bar 100g","5857","83","1.73",""
"57491","АФИА ПОМОРИЕ","ЕУСЕРИН ph5.5 сапун за чувств.кожа","6078","83","4.08",""
"57491","АФИА ПОМОРИЕ","КСИЗАЛ ТАБЛ. 5МГ Х 20","6448","100","11.23",""
"57491","АФИА ПОМОРИЕ","КСИЗАЛ ТАБЛ. 5МГ Х 7","6502","100","4.49",""
"57491","АФИА ПОМОРИЕ","ПСИЛО-БАЛСАМ ГЕЛ 20ГР","6551","91","5.93",""
"57491","АФИА ПОМОРИЕ","АСПИРИН ПРОТЕКТ ТАБЛ. 100МГ Х 40","6576","96","3.06",""
"57491","АФИА ПОМОРИЕ","ПАРОДОНТАКС паста за зъби КЛАСИК /БЕЗ ФЛУОРИД/ 75МЛ","7138","81","5.46",""
"57491","АФИА ПОМОРИЕ","КАЛМАБЕН ТАБЛ. Х 10","7500","91","3.13",""
"57491","АФИА ПОМОРИЕ","МУКОНАЗАЛ ПЛЮС СПРЕЙ 10МЛ","7593","97","6.43",""
"57491","АФИА ПОМОРИЕ","КАЛМАБЕН ТАБЛ. Х 20","7600","91","5.52",""
"57491","АФИА ПОМОРИЕ","АКВАФРЕШ четка за зъби standart family","8489","80","0.96",""
"57491","АФИА ПОМОРИЕ","ХЕКСАЛГИН СОЛ.500МГ/МЛ 20МЛ","8491","96","5.31",""
"57491","АФИА ПОМОРИЕ","КЕТОЗАЛ ШАМПОАН 2% 60МЛ   Х","8533","90","7.11","6.40"
"57491","АФИА ПОМОРИЕ","НУРОФЕН ФОРТЕ ТАБЛ.400МГ Х 12","8703","94","4.59",""
"57491","АФИА ПОМОРИЕ","СТРЕПСИЛС ИНТЕНЗИВ ТАБЛ. Х 16","9302","98","5.57",""
"57491","АФИА ПОМОРИЕ","ДИАЛГИН САШЕТИ 1000МГ Х 20 ХИМАКС","9395","96","7.37",""
"57491","АФИА ПОМОРИЕ","ЕЛГИДИУМ ЧЗ.КЛИНИК антиплака S","9696","80","5.95",""
"57491","АФИА ПОМОРИЕ","ДАВ сапун fresh touch 100g","9715","83","1.31",""
"57491","АФИА ПОМОРИЕ","АДАПТ. МЛЯКО ФРИЗО 3 400Г","9775","65","8.10",""
"57491","АФИА ПОМОРИЕ","ЧАЙ ЗА ДИАБЕТИЦИ С КАНЕЛА Ф.20 БИОПРОГРАМА","10065","72","1.00",""
"57491","АФИА ПОМОРИЕ","ДУЛКОЛАКС ПИКО КАПКИ 7,5МГ 15МЛ","10072","88","5.86",""
"57491","АФИА ПОМОРИЕ","ЛАКАЛУТ ПЗ. ИЗБЕЛВАЩА 75МЛ","10221","81","3.87","2.90"
"57491","АФИА ПОМОРИЕ","НУРОФЕН СУСП. 100МГ/5МЛ 100МЛ /ЯГОДА/","10248","94","4.54",""
"57491","АФИА ПОМОРИЕ","БОЧКО САПУН СМРАДЛИКА 75ГР.","10384","83","0.99",""
"57491","АФИА ПОМОРИЕ","ФАМОТИДИН АЛКАЛОИД ТАБЛ. 20МГ Х 20","10842","86","0.97",""
"57491","АФИА ПОМОРИЕ","ВОЛТАРЕН ЕМУЛГЕЛ 1,16% 100ГР","10916","95","10.16","7.99"
"57491","АФИА ПОМОРИЕ","ДИАРОСТАД КАПС. x 10","11014","89","3.36",""
"57491","АФИА ПОМОРИЕ","АКВАФРЕШ четка за зъби DUO clean & flex MEDIUM","11125","80","2.69",""
"57491","АФИА ПОМОРИЕ","СТОПЕРАН КАПС.2МГ Х 8","11131","89","3.27",""
"57491","АФИА ПОМОРИЕ","ЧАЙ ПРИ ГРИП И ПРОСТУДА/СТУД И ЗИМА БИПРОГРАМА","11229","72","1.00",""
"57491","АФИА ПОМОРИЕ","БИОТРЕЙД  АКНЕ АУТ САПУН 100Г","12382","83","6.12",""
"57491","АФИА ПОМОРИЕ","БЕНАЛГИН ТАБЛ. Х 10","12604","96","1.70",""
"57491","АФИА ПОМОРИЕ","ДЕРМОДРИН МАЗ 30ГР","12712","91","3.98",""
"57491","АФИА ПОМОРИЕ","НИЯ САПУН КАТРАНЕН 60ГР","12713","83","0.69",""
"57491","АФИА ПОМОРИЕ","НИЯ САПУН СЕРЕН 60ГР","12714","83","0.69",""
"57491","АФИА ПОМОРИЕ","КСИЗАЛ СОЛ. 5МГ/МЛ 20МЛ","12842","100","5.50",""
"57491","АФИА ПОМОРИЕ","НАЗИК НАЗ.СПРЕЙ ЗА ДЕЦА 10МЛ","12996","97","4.74",""
"57491","АФИА ПОМОРИЕ","ЗЕНАРО ТАБЛ. 5МГ Х 7","13003","100","3.57",""
"57491","АФИА ПОМОРИЕ","МИГ-400 ТАБЛ. 400МГ Х 10","13010","94","2.54",""
"57491","АФИА ПОМОРИЕ","ДИКЛАК МАКС ГЕЛ 5% 100Г","13113","95","8.94",""
"57491","АФИА ПОМОРИЕ","ПАРОДОНТАКС паста за зъби WHITENING 75МЛ","13119","81","5.46",""
"57491","АФИА ПОМОРИЕ","ПРОАЛГИН ТАБЛ. 500МГ Х 20","13407","96","1.28",""
"57491","АФИА ПОМОРИЕ","ФЕЛОРАН гел 1% - 60g  Софарма","13428","95","4.29","3.65"
"57491","АФИА ПОМОРИЕ","НАЗИК НАЗ.СПРЕЙ 10МЛ","13740","97","6.48",""
"57491","АФИА ПОМОРИЕ","АКВАФРЕШ паста за зъби junior 6+ 50ml","13940","81","3.52",""
"57491","АФИА ПОМОРИЕ","РУВЕКСИН ТАБЛ. 325МГ Х 100","13945","96","2.96",""
"57491","АФИА ПОМОРИЕ","АДАПТ. МЛЯКО НАН ОПТИПРО 1 800Г","14239","65","22.85",""
"57491","АФИА ПОМОРИЕ","ЧАЙ БРОНХО ПАМ С ЕХИНАЦЕЯ /ЗЕЛЕН/ ФИЛТЪР Х 30","14306","72","3.63",""
"57491","АФИА ПОМОРИЕ","АСТЕРА PARODONT ACTIVE п.за зъби 75мл.","14726","81","3.21",""
"57491","АФИА ПОМОРИЕ","ПЗ.БИЛКА дент пародонт експерт 75ml","14893","81","2.36",""
"57491","АФИА ПОМОРИЕ","АНАЛГИН ХИН ТАБЛ. 250МГ Х 10","15006","96","1.89",""
"57491","АФИА ПОМОРИЕ","ИМОМЕД ТАБЛ. 2МГ Х 10","15176","89","2.68",""
"57491","АФИА ПОМОРИЕ","СИАФЕН СУСП.100МГ/5МЛ 120МЛ","15215","94","3.61",""
"57491","АФИА ПОМОРИЕ","ДИКЛАК ГЕЛ 1% 50Г","15243","95","6.13",""
"57491","АФИА ПОМОРИЕ","ЛАКАЛУТ ЧЗ. АКТИВ","15427","80","3.87","2.90"
"57491","АФИА ПОМОРИЕ","КАФЕТИН МЕНСТРУАЛ ТАБЛ. 200МГ  Х 10","15432","94","3.26",""
"57491","АФИА ПОМОРИЕ","НУРОФЕН ЕКСПРЕС КАПС. 200МГ Х 10","15451","94","4.59",""
"57491","АФИА ПОМОРИЕ","ДАВ сапун men fresh 100g","15469","83","1.31",""
"57491","АФИА ПОМОРИЕ","АЦЕТИЗАЛ КАРДИО ТАБЛ. 100МГ Х 30","15483","96","1.99",""
"57491","АФИА ПОМОРИЕ","ЕЛГИДИУМ ПЗ. brilliance /за интенз.избелване/","15549","81","8.48",""
"57491","АФИА ПОМОРИЕ","ЕЛГИДИУМ ПЗ.ДЕТСКА bubbles 7-12г 50ml","15613","81","5.09",""
"57491","АФИА ПОМОРИЕ","ЕЛГИДИУМ ПЗ.ДЕТСКА г.плодове 50ml","15614","81","5.09",""
"57491","АФИА ПОМОРИЕ","НИЯ САПУН С ХУМА 60ГР","15629","83","0.69",""
"57491","АФИА ПОМОРИЕ","НУРОФЕН ТАБЛ. 200МГ Х 24","15634","94","5.78",""
"57491","АФИА ПОМОРИЕ","ЙОДАСЕПТ УНГВ. 40Г","15692","92","3.05",""
"57491","АФИА ПОМОРИЕ","ЧАЙ ФИТОЛЕК ГИНКО Х20","15693","72","2.00",""
"57491","АФИА ПОМОРИЕ","ЧАЙ ФИТОЛЕК ЕЛЕГАНС Х20","15695","72","2.00",""
"57491","АФИА ПОМОРИЕ","ЧАЙ ФИТОЛЕК ИМУНО Х20","15696","72","2.00",""
"57491","АФИА ПОМОРИЕ","ЧАЙ ФИТОЛЕК КАРДИО Х20","15697","72","2.00",""
"57491","АФИА ПОМОРИЕ","ЧАЙ ФИТОЛЕК ПРОСТАТА Х 20","15699","72","2.00",""
"57491","АФИА ПОМОРИЕ","ЧАЙ ФИТОЛЕК РЕЛАКС Х 20","15700","72","2.00",""
"57491","АФИА ПОМОРИЕ","ЧАЙ ФИТОЛЕК СЛАБИТЕЛЕН Х 20","15701","72","2.00",""
"57491","АФИА ПОМОРИЕ","ЧАЙ ФИТОЛЕК УРО Х20","15702","72","2.00",""
"57491","АФИА ПОМОРИЕ","ЧАЙ ФИТОЛЕК ФАРИНГО Х 20","15703","72","2.00",""
"57491","АФИА ПОМОРИЕ","ДУЛКОЛАКС ТАБЛ. 5МГ Х 30","15745","88","5.86",""
"57491","АФИА ПОМОРИЕ","ЧАЙ МЕЧО ГРОЗДЕ ФИЛТЪР Х 20 БИОПРОГРАМА","15811","72","1.00",""
"57491","АФИА ПОМОРИЕ","ДИАЛГИН ДЖУНИЪР САШЕ 250МГ Х 5 ХИМАКС","16102","96","1.89",""
"57491","АФИА ПОМОРИЕ","ГЛИМБАКС ОРАЛ 200МЛ","16307","95","9.36",""
"57491","АФИА ПОМОРИЕ","ДАВ сапун supreme creme oil  100г","16326","83","1.31",""
"57491","АФИА ПОМОРИЕ","АЦЕТИЗАЛ КАРДИО ТАБЛ. 100МГ Х 100","16331","96","5.99",""
"57491","АФИА ПОМОРИЕ","СЕНСОДИН паста за зъби REPAIR 75ml","16533","81","7.76",""
"57491","АФИА ПОМОРИЕ","МИГ ЗА ДЕЦА СИРОП 20МГ/МЛ 100МЛ","16551","94","3.76",""
"57491","АФИА ПОМОРИЕ","АЦЕТИЗАЛ КАРДИО ТАБЛ. 75МГ Х 100","16734","96","4.73",""
"57491","АФИА ПОМОРИЕ","БОЧКО САПУН ЛАЙКА 75ГР","16793","83","0.99",""
"57491","АФИА ПОМОРИЕ","АПИРИ ТАБЛ. 100МГ Х 30","16840","96","1.93",""
"57491","АФИА ПОМОРИЕ","ЕЛГИДИУМ ПЗ.СЕНЗИТИВ 75ml","16988","81","6.63",""
"57491","АФИА ПОМОРИЕ","ВОЛТАРЕН ФОРТЕ ГЕЛ 2,32% 50ГР","17051","95","8.96","6.99"
"57491","АФИА ПОМОРИЕ","ЧАЙ БАБИНИ ЗЪБИ ФИЛТЪР Х 20 БИОПРОГРАМА","17074","72","1.19",""
"57491","АФИА ПОМОРИЕ","ЛАКАЛУТ ПЗ. УАЙТ И РИПЕЪР 75МЛ","17078","81","4.89","3.67"
"57491","АФИА ПОМОРИЕ","ДИАЛГИН САШЕТИ 500МГ Х 20 ХИМАКС","17543","96","6.77",""
"57491","АФИА ПОМОРИЕ","ОТИРЕЛАКС СОЛ. 15МЛ","17705","101","4.06",""
"57491","АФИА ПОМОРИЕ","АДАПТ. МЛЯКО ФРИЗОЛАК 2  400ГР + ЛЪЖИЧКА","17765","65","9.08",""
"57491","АФИА ПОМОРИЕ","АКВАФРЕШ паста за зъби fresh&minty  синя 75ml","17840","81","2.03","1.62"
"57491","АФИА ПОМОРИЕ","ЛАКАЛУТ ПЗ. АКТИВ ХЕРБАЛ 75МЛ","17989","81","3.87","2.90"
"57491","АФИА ПОМОРИЕ","ПАРОДОНТАКС паста за зъби EXTRA FRESH 75МЛ","18011","81","5.46",""
"57491","АФИА ПОМОРИЕ","ЕЛГИДИУМ ПЗ.ДЕТСКА свежа ягода 50ml","18223","81","5.09",""
"57491","АФИА ПОМОРИЕ","ЧАЙ ФИТОЛЕК ГАСТРО Х20","18338","72","2.00",""
"57491","АФИА ПОМОРИЕ","ЕЛГИДИУМ ПЗ.АНТИКАРИЕС 75ml","18398","81","6.07",""
"57491","АФИА ПОМОРИЕ","СЕНСОДИН паста за зъби PROTECT&REPAIR WHITENING 75МЛ","18419","81","6.80",""
"57491","АФИА ПОМОРИЕ","НУРОФЕН ЕКСПРЕС ФОРТЕ КАПС. 400МГ Х 10","18430","94","5.43",""
"57491","АФИА ПОМОРИЕ","ЧАЙ ВЪЛШЕБНИК филтър х20 БИОПРОГРАМА","18452","72","1.25",""
"57491","АФИА ПОМОРИЕ","ЧАЙ МАТОЧИНА ФИЛТЪР Х16 БИЛЕК","18583","72","1.56",""
"57491","АФИА ПОМОРИЕ","ЧАЙ БРОНХОЛЕК ГРЪДЕН Ф.Х 16","18584","72","1.68",""
"57491","АФИА ПОМОРИЕ","ЛАКТАНА БИО 1 адпт. мляко 600гр.","18647","65","18.52",""
"57491","АФИА ПОМОРИЕ","АНАЛГИН КАПКИ 500МГ/МЛ 20МЛ СФ","18658","96","3.22",""
"57491","АФИА ПОМОРИЕ","ЧАЙ ФИТОЛЕК ЛАКТО Х20","18690","72","2.00",""
"57491","АФИА ПОМОРИЕ","НУРОФЕН ФЕМИНА ФОРТЕ табл.х 12","18693","94","5.43",""
"57491","АФИА ПОМОРИЕ","ПЗ.БИЛКА дент експерт избелваща 75ml","18765","81","2.51",""
"57491","АФИА ПОМОРИЕ","ДАВ сапун go fresh restore 100g","18766","83","1.31",""
"57491","АФИА ПОМОРИЕ","ФЕЛОРАН ФОРТЕ ГЕЛ 5% 40ГР","18775","95","5.50","4.68"
"57491","АФИА ПОМОРИЕ","БИЗАКОДИЛ СОФАРМА СУПОЗ. 5МГ Х 6","18919","88","2.35",""
"57491","АФИА ПОМОРИЕ","БИОРИПЕЪР пз night repair 75ml","18969","81","4.55",""
"57491","АФИА ПОМОРИЕ","БИОРИПЕЪР пз Junior  ЯГОДА 50ml","18970","81","3.04",""
"57491","АФИА ПОМОРИЕ","ЧАЙ МЕНТА ФИЛТЪР Х 20 БИОПРОГРАМА","19084","72","0.96",""
"57491","АФИА ПОМОРИЕ","ЧАЙ ФИТОЛЕК ДИАБЕТ","19312","72","2.00",""
"57491","АФИА ПОМОРИЕ","БОЧКО САПУН НЕВЕН 75ГР","19341","83","0.99",""
"57491","АФИА ПОМОРИЕ","БОЧКО САПУН ЛАВАНДУЛА 75ГР","19342","83","0.99",""
"57491","АФИА ПОМОРИЕ","ЕЛГИДИУМ ЧЗ.diffusion S","19382","80","5.95",""
"57491","АФИА ПОМОРИЕ","ЕЛГИДИУМ ЧЗ.избелваща S","19392","80","6.34",""
"57491","АФИА ПОМОРИЕ","ЧАЙ БИОБРОНХО ФИЛТЪР Х 20 БИОПРОГРАМА","19513","72","1.00",""
"57491","АФИА ПОМОРИЕ","ЧАЙ ЛАЙКА ФИЛТЪР Х 20 БИОПРОГРАМА","19514","72","0.96",""
"57491","АФИА ПОМОРИЕ","ЧАЙ ЗА БЪБРЕЦИ ПО ЛАМБРЕВ Х 30","19519","72","2.69",""
"57491","АФИА ПОМОРИЕ","ЧАЙ ФИТОЛЕК БРОНХО Х 20","19624","72","2.00",""
"57491","АФИА ПОМОРИЕ","ЧАЙ ЦЯРЪ при бъбречни проблеми х 30","20221","72","3.39",""
"57491","АФИА ПОМОРИЕ","ЧАЙ ЦЯРЪ при кашлица и бронхит х 30","20223","72","3.39",""
"57491","АФИА ПОМОРИЕ","ЧАЙ ЦЯРЪ при киселини в стомаха х 30","20224","72","3.39",""
"57491","АФИА ПОМОРИЕ","ЧАЙ ЦЯРЪ при проблеми на жлъчката х 30","20225","72","3.39",""
"57491","АФИА ПОМОРИЕ","ЧАЙ ЦЯРЪ слабителен х 30","20226","72","3.39",""
"57491","АФИА ПОМОРИЕ","ЧАЙ ЦЯРЪ срещу лошия холестерол х 30","20227","72","3.39",""
"57491","АФИА ПОМОРИЕ","ИМОДИУМ ИНСТАНТ ОРОДИСП. ТАБЛ. 2МГ Х 6","20294","89","4.16",""
"57491","АФИА ПОМОРИЕ","ЧАЙ ЛЕКА НОЩ филтър х20 БИОПРОГРАМА","20307","72","0.80",""
"57491","АФИА ПОМОРИЕ","ДОЛОРЕН ТАБЛ. 200МГ Х 10","20458","94","1.55",""
"57491","АФИА ПОМОРИЕ","НИЯ САПУН КАТРАНЕН+БИЛКИ 60ГР.","20660","83","0.69",""
"57491","АФИА ПОМОРИЕ","ЧАЙ МАТОЧИНА ФИЛТЪР Х 20 БИОПРОГРАМА","20755","72","0.85",""
"57491","АФИА ПОМОРИЕ","ЧАЙ РОДОПСКИ филтър х20 БИОПРОГРАМА","20757","72","0.80",""
"57491","АФИА ПОМОРИЕ","ЧАЙ КАРКАДЕ ФИЛТЪР Х20 АЛИН","20762","72","0.97",""
"57491","АФИА ПОМОРИЕ","ЧАЙ ОТСЛАБВАНЕ филтър х20 БИОПРОГРАМА","20796","72","1.00",""
"57491","АФИА ПОМОРИЕ","ХИП 1 COMBIOTIK адапт.мляко 300г.","20833","64","10.21",""
"57491","АФИА ПОМОРИЕ","ГЪМ четка за зъби technique soft","20848","80","3.33",""
"57491","АФИА ПОМОРИЕ","ВЛ. КЪРПИ BABY BEBELAN СМРАДЛИКА+ЛАЙКА с капак х80","20866","84","1.94",""
"57491","АФИА ПОМОРИЕ","А-ДЕРМА дерматологичен сапун с екстракт от Риалба","21054","83","7.54",""
"57491","АФИА ПОМОРИЕ","ГЪМ четка за зъби activital soft","21076","80","4.85",""
"57491","АФИА ПОМОРИЕ","АЦЦ ЗА ДЕЦА СОЛ 20МГ/МЛ ПЕРОРАЛЕН Р-Р 100МЛ","21657","99","6.85",""
"57491","АФИА ПОМОРИЕ","ДИАЛГИН САШЕТА 1000МГ Х 6 ХИМАКС","21780","96","2.46",""
"57491","АФИА ПОМОРИЕ","ДОЛОРЕН ТАБЛ. 400МГ Х 12","21854","94","2.55",""
"57491","АФИА ПОМОРИЕ","НИЯ САПУН П-В АКНЕ НЕВЕН 60ГР","21884","83","0.69",""
"57491","АФИА ПОМОРИЕ","НИЯ САПУН П-В АКНЕ СМРАДЛИКА 60ГР","21885","83","0.69",""
"57491","АФИА ПОМОРИЕ","САПУН БИРЕН 70г","21886","83","0.69",""
"57491","АФИА ПОМОРИЕ","ЛАКТАНА БИО 2 адпт. мляко 600гр.","21904","65","18.52",""
"57491","АФИА ПОМОРИЕ","ЕЛГИДИУМ ПЗ.АНТИПЛАКА 100ml","21972","81","7.68",""
"57491","АФИА ПОМОРИЕ","АДАПТ. МЛЯКО АПТАМИЛ AR 400ГР","22022","65","14.15",""
"57491","АФИА ПОМОРИЕ","ЧАЙ ФИЛТЪР AHMAD ЧЕРЕН ЧАЙ АНГЛИЙСКА ЗАКУСКА х 20","22072","72","2.95",""
"57491","АФИА ПОМОРИЕ","ЧАЙ ФИЛТЪР AHMAD ЧЕРЕН ЧАЙ ЪРЛ ГРЕЙ х 20","22073","72","2.95",""
"57491","АФИА ПОМОРИЕ","АПТАМИЛ Premature за недоносени деца 400г","22085","65","14.05",""
"57491","АФИА ПОМОРИЕ","АДАПТ. МЛЯКО АПТАМИЛ  БЕЗ ЛАКТОЗА 400ГР","22123","65","11.70",""
"57491","АФИА ПОМОРИЕ","ЧАЙ ЧЕРЕН БЪЗ ФИЛТЪР Х16 БИЛЕК","22353","72","1.68",""
"57491","АФИА ПОМОРИЕ","АЛМИРАЛ ГЕЛ 1,16% 50ГР","22445","95","5.59",""
"57491","АФИА ПОМОРИЕ","АДАПТ. МЛЯКО НАН КОМФОРТИС 1 800Г","22500","65","19.94",""
"57491","АФИА ПОМОРИЕ","ЕЛГИДИУМ ЧЗ.Inspiration S","22681","80","5.95",""
"57491","АФИА ПОМОРИЕ","ДИАЛГИН КАПКИ 500МГ/МЛ 20 МЛ","22854","96","4.18",""
"57491","АФИА ПОМОРИЕ","БОЧКО МОКРИ КЪРПИ ЛАВАНДУЛА Х 64","22865","84","1.20",""
"57491","АФИА ПОМОРИЕ","АДАПТ. МЛЯКО НАН 3 400Г","22871","65","11.43",""
"57491","АФИА ПОМОРИЕ","ИБУТОП КРЕМ 50ГР","22881","94","5.56",""
"57491","АФИА ПОМОРИЕ","ЗЕНАРО ТАБЛ. 5МГ Х 28","22923","100","9.70",""
"57491","АФИА ПОМОРИЕ","ЧАЙ ЛАЙКА ФИЛТЪР Х16 БИЛЕК","22966","72","1.61",""
"57491","АФИА ПОМОРИЕ","ЧАЙ МЕЧО ГРОЗДЕ ФИЛТЪР Х16 БИЛЕК","22967","72","1.61",""
"57491","АФИА ПОМОРИЕ","ТЕО БЕБЕ сапун лавандула 75гр","23016","83","0.86",""
"57491","АФИА ПОМОРИЕ","АДАПТ. МЛЯКО ФРИЗОЛАК ПЕП АС 400ГР","23483","65","15.13",""
"57491","АФИА ПОМОРИЕ","ВЛ. КЪРПИ BABY BEBELAN ЛАЙКА+АЛОЕ с капак х25","23700","84","0.61",""
"57491","АФИА ПОМОРИЕ","ВЛ. КЪРПИ BABY BEBELAN СМРАДЛИКА+ЛАЙКА с капак х25","23701","84","0.61",""
"57491","АФИА ПОМОРИЕ","ХИМАЛАЯ САПУН С НИЙМ И КУРКУМА 75ГР","23777","83","0.99",""
"57491","АФИА ПОМОРИЕ","ВЛ. КЪРПИ BABY BEBELAN НЕВЕН +ЛАЙКА с капак х80","24142","84","1.94",""
"57491","АФИА ПОМОРИЕ","ДАВ сапун кокос 100g","24213","83","1.31",""
"57491","АФИА ПОМОРИЕ","ЧАЙ ФИЛТЪР AHMAD РОЙБОС/КАНЕЛАх 20","24333","72","2.71",""
"57491","АФИА ПОМОРИЕ","ШАМПОАН ХИНИН 500мл.","24460","82","2.66",""
"57491","АФИА ПОМОРИЕ","СТРЕПСИЛС ИНТЕНЗИВ спрей 8.75 mg/dose 15мл","24723","98","8.06",""
"57491","АФИА ПОМОРИЕ","ЕКЗОДЕРИЛ 1%  СОЛ. 20МЛ","25011","90","12.26",""
"57491","АФИА ПОМОРИЕ","САПУН АЛОЕ ВЕРА 60г.","25161","83","0.69",""
"57491","АФИА ПОМОРИЕ","НИЯ САПУН С КОПРИВА 60ГР.","25164","83","0.69",""
"57491","АФИА ПОМОРИЕ","НИЯ САПУН С НЕВЕН 60ГР.","25165","83","0.69",""
"57491","АФИА ПОМОРИЕ","АЦЕЦИС САШЕТА 200МГ Х 20","25316","99","5.10",""
"57491","АФИА ПОМОРИЕ","ЕЛГИДИУМ ПЗ.ДЕТСКА банан 2-6г 50ml","25335","81","5.09",""
"57491","АФИА ПОМОРИЕ","НИЯ САПУН СЪС СМРАДЛИКА 60ГР","25467","83","0.69",""
"57491","АФИА ПОМОРИЕ","АДАПТ. МЛЯКО ФРИЗО 4 400ГР","25541","65","8.63",""
"57491","АФИА ПОМОРИЕ","ЧАЙ МЕНТА ФИЛТЪР Х16 БИЛЕК","25623","72","1.61",""
"57491","АФИА ПОМОРИЕ","ЕЛГИДИУМ ПЗ.ИЗБЕЛВАЩА 75ml лимон","25713","81","7.21",""
"57491","АФИА ПОМОРИЕ","ЧАЙ ФИЛТЪР AHMAD ЧЕРЕН ЧАЙ ЦЕЙЛОН х 20","26073","72","2.95",""
"57491","АФИА ПОМОРИЕ","ЧАЙ ФИЛТЪР AHMAD ПЛОДОВ ПРАСКОВА/МАРАКУЯ  х 20","26074","72","2.95",""
"57491","АФИА ПОМОРИЕ","ЧАЙ ФИЛТЪР AHMAD ПЛОДОВ СЕЛЕКЦИЯ  х 20","26077","72","2.96",""
"57491","АФИА ПОМОРИЕ","АЦЕСАЛ ПРОТЕКТ 100МГ ТАБЛ. Х 40","26085","96","2.96","2.37"
"57491","АФИА ПОМОРИЕ","АДАПТ. МЛЯКО НАН ОПТИПРО 2 800Г","26094","65","20.34",""
"57491","АФИА ПОМОРИЕ","ЗЕРОТРОМБ ТАБЛ. 100МГ Х 30","26128","96","2.49",""
"57491","АФИА ПОМОРИЕ","АЦЦ ЕФ.ТАБЛ. 600МГ Х 10","26148","99","8.64","6.91"
"57491","АФИА ПОМОРИЕ","АКВАФРЕШ паста за зъби intense clean deep action 75 ml","26197","81","3.52","2.64"
"57491","АФИА ПОМОРИЕ","АКВАФРЕШ паста за зъби intense whitening 75 ml","26198","81","3.52","2.64"
"57491","АФИА ПОМОРИЕ","ПАРОДОНТАКС паста за зъби ultra clean 75 ml","26199","81","5.46",""
"57491","АФИА ПОМОРИЕ","НУРОФЕН СУСП. за юноши ягода 200 mg/5ml 100мл","26244","94","5.87",""
"57491","АФИА ПОМОРИЕ","ПАНАКТИВ СУСП. 100МГ/5МЛ 120МЛ","26363","94","3.57",""
"57491","АФИА ПОМОРИЕ","ХИМАЛАЯ САПУН  с краставица 75гр","26570","83","1.12",""
"57491","АФИА ПОМОРИЕ","АДАПТ. МЛЯКО НАН 3 800г","26639","65","19.42",""
"57491","АФИА ПОМОРИЕ","САПУН Докторски","26689","83","1.35",""
"57491","АФИА ПОМОРИЕ","ВЛ. КЪРПИ LARA x 120 бр. лайка","26780","84","1.52",""
"57491","АФИА ПОМОРИЕ","ВЛ. КЪРПИ LARA x 120 бр. гербер","26781","84","1.52",""
"57491","АФИА ПОМОРИЕ","ВЛ. КЪРПИ LARA x 120 бр. алое","26782","84","1.52",""
"57491","АФИА ПОМОРИЕ","ЛАКТАНА БИО 3 адпт. мляко 600гр.","26955","65","15.64",""
"57491","АФИА ПОМОРИЕ","ЧАЙ ЦЯР за пречистване на кръвта  Х30","27072","72","3.39",""
"57491","АФИА ПОМОРИЕ","ЧАЙ ЦЯРЪ ДИАБЕТИЦИ Х30","27159","72","3.39",""
"57491","АФИА ПОМОРИЕ","ИБУРАПИД 400МГ ТАБЛ. Х 10","27217","94","3.95",""
"57491","АФИА ПОМОРИЕ","АЗПИЗАЛ ТАБЛ. 325МГ Х 100","27261","96","2.58",""
"57491","АФИА ПОМОРИЕ","ЛАКАЛУТ ПЗ. АКТИВ 75ml + ЧЕТКA","27410","81","3.87",""
"57491","АФИА ПОМОРИЕ","ХИМАЛАЯ САПУН С МЕД И МЛЯКО 75ГР","27450","83","1.12",""
"57491","АФИА ПОМОРИЕ","НУРОФЕН СУСП. за юноши портокал 200 mg/5ml  100мл","27521","94","6.26",""
"57491","АФИА ПОМОРИЕ","ВЛ. КЪРПИ LARA x 120 бр. лавандула","27579","84","1.52",""
"57491","АФИА ПОМОРИЕ","ПЗ.БИЛКА дент хималайска сол","27618","81","2.22",""
"57491","АФИА ПОМОРИЕ","БИОРИПЕЪР пз Junior 6-12 mint 75 ml","27642","81","3.47",""
"57491","АФИА ПОМОРИЕ","ДИАЛГИН САШЕТА 500mg x 6","27974","96","2.36",""
"57491","АФИА ПОМОРИЕ","ВЛ. КЪРПИ LARA x 120 бр.фамилни + роза","28195","84","1.52",""
"57491","АФИА ПОМОРИЕ","ПЗ.БИЛКА дент хомеопатична дж.+лайм","28291","81","2.51",""
"57491","АФИА ПОМОРИЕ","ПЗ.БИЛКА дент хомеопатична мастиха","28292","81","2.51",""
"57491","АФИА ПОМОРИЕ","ЧАЙ ЦЯР при подагра Х30","28410","72","3.39",""
"57491","АФИА ПОМОРИЕ","ЧАЙ ЦЯР простатит  Х30","28411","72","3.39",""
"57491","АФИА ПОМОРИЕ","ЕКЗОДЕРИЛ 1%  КРЕМ 30ГР","28444","90","9.65",""
"57491","АФИА ПОМОРИЕ","АСПИРИН УЛТРА ТАБЛ. 500МГ Х 20","28454","96","4.72",""
"57491","АФИА ПОМОРИЕ","АСПИРИН УЛТРА ТАБЛ. 500МГ Х 8","28455","96","1.84",""
"57491","АФИА ПОМОРИЕ","ЧАЙ ФИТОЛЕК ЕХИНАЦЕЯ Х20","28467","72","2.00",""
"57491","АФИА ПОМОРИЕ","ХИМАЛАЯ САПУН С БАДЕМ 75ГР","28496","83","1.12",""
"57491","АФИА ПОМОРИЕ","ДЖОНСЪН шампоан лайка 300ml","28660","82","4.49",""
"57491","АФИА ПОМОРИЕ","СТРЕПСИЛС ИНТЕНЗИВ tabl. x 24","28694","98","8.06",""
"57491","АФИА ПОМОРИЕ","АДАПТ. МЛЯКО АПТАМИЛ ADC 400ГР","28964","65","14.57",""
"57491","АФИА ПОМОРИЕ","АЛМИРАЛ ГЕЛ 1,16% 250Г","28978","95","14.46",""
"57491","АФИА ПОМОРИЕ","ВЛ. КЪРПИ LARA x 120 бр.фамилни цитрус","29121","84","1.52",""
"57491","АФИА ПОМОРИЕ","ВЛ. КЪРПИ LARA x 120 бр. премиум","29122","84","1.52",""
"57491","АФИА ПОМОРИЕ","ИБУЛЕК 600МГ САШЕТА Х 10","29538","94","7.32",""
"57491","АФИА ПОМОРИЕ","АСТЕРА PARODONT STOP п.за зъби 75мл.","29847","81","3.21",""
"57491","АФИА ПОМОРИЕ","ВОЛТАРЕН ФОРТЕ ГЕЛ 2,32% 150ГР","29938","95","18.40","14.72"
"57491","АФИА ПОМОРИЕ","СЕНСОДИН паста за зъби RAPID RELIEF 75ml","30004","81","7.76",""
"57491","АФИА ПОМОРИЕ","БИОРИПЕЪР ПЗ PRO WHITE 75ml","30290","81","4.55",""
"57491","АФИА ПОМОРИЕ","ЧАЙ ЛИПА ФИЛТЪР Х16 БИЛЕК","30398","72","1.61",""
"57491","АФИА ПОМОРИЕ","АКАРД ТАБЛ. 75МГ Х 30","30443","96","2.25",""
"57491","АФИА ПОМОРИЕ","ЕЛГИДИУМ ПЗ.АНТИПЛАКА  50мл","30480","81","5.09",""
"57491","АФИА ПОМОРИЕ","СЛЪНЧО КАША 4мес. БАНАНОВА МЛЕЧНА безглутенова 200г.","30687","63","2.50",""
"57491","АФИА ПОМОРИЕ","ИБУЛЕК 400МГ САШЕТА Х 10","30698","94","5.85",""
"57491","АФИА ПОМОРИЕ","СЛЪНЧО КАША 6мес. БИСКВИТЕНО БАНАНОВА млечна 200г.","30699","63","2.65",""
"57491","АФИА ПОМОРИЕ","ЧАЙ ФИЛТЪР AHMAD ЧЕРЕН ЧАЙ АНГЛИЙСКИ X20","30753","72","2.95",""
"57491","АФИА ПОМОРИЕ","АНГАЛ МЕНТОЛ СПРЕЙ 2МГ/МЛ+0,5МГ/МЛ 30МЛ","30922","98","9.74",""
"57491","АФИА ПОМОРИЕ","АНГАЛ МЕНТОЛ ТАБЛ. ЗА СМУЧЕНЕ 5МГ/1МГ Х 24","30923","98","7.45",""
"57491","АФИА ПОМОРИЕ","БИОТРЕЙД  ПЮЪР СКИН ЧЕРЕН ДЕТОКС САПУН 100ГР","31073","83","6.45",""
"57491","АФИА ПОМОРИЕ","СЕНСОДИН четка за зъби gentle care soft","31111","80","4.89",""
"57491","АФИА ПОМОРИЕ","АЦЦ ДИРЕКТ ПРАХ 600МГ Х 10","31211","99","8.69","6.95"
"57491","АФИА ПОМОРИЕ","ВЛ. КЪРПИ LARA x 15 бр. VINTAGE MIX","31213","84","0.26",""
"57491","АФИА ПОМОРИЕ","АЛМИРАЛ ГЕЛ 1,16% 100Г","31255","95","7.60",""
"57491","АФИА ПОМОРИЕ","КСИВОЗАН ТАБЛ. 5МГ Х 10","31346","100","5.21",""
"57491","АФИА ПОМОРИЕ","ОВКО пюре сладък картоф 4+м, 100гр","31432","64","1.02",""
"57491","АФИА ПОМОРИЕ","ОВКО пюре манго с банани 4 м, 190 гр","31433","64","1.14",""
"57491","АФИА ПОМОРИЕ","ОВКО пюре ябълки и моркови 4м, 190гр","31436","64","0.96",""
"57491","АФИА ПОМОРИЕ","ОВКО пюре банан 4м, 190гр","31438","64","1.10",""
"57491","АФИА ПОМОРИЕ","ОВКО пюре манго 4м, 190 гр","31440","64","1.04",""
"57491","АФИА ПОМОРИЕ","ОВКО пюре сливи 4м , 190 гр","31441","64","1.10",""
"57491","АФИА ПОМОРИЕ","ОВКО пюре ябълки и праскови 4м, 190 гр","31442","64","1.15",""
"57491","АФИА ПОМОРИЕ","ОВКО пюре ябълки, кайсии, моркови 4м, 190 гр","31443","64","1.02",""
"57491","АФИА ПОМОРИЕ","ОВКО пюре ябълки, банани и праскови 4м, 190 гр","31444","64","1.10",""
"57491","АФИА ПОМОРИЕ","ОВКО  асорти градински плод 5м, 190 гр","31452","64","1.07",""
"57491","АФИА ПОМОРИЕ","ОВКО пюре тиква с ябълки и моркови 4м, 190гр","31454","64","0.99",""
"57491","АФИА ПОМОРИЕ","ОВКО пюре тиквички с картофи 4м, 190гр","31457","64","1.04",""
"57491","АФИА ПОМОРИЕ","ОВКО мл.каша ябълки и сливи с елда 5м, 190гр","31458","63","1.04",""
"57491","АФИА ПОМОРИЕ","ОВКО мл.каша ябълки, кайсии и овесени ядки 4м, 190гр","31462","63","1.14",""
"57491","АФИА ПОМОРИЕ","ОВКО мл.каша банан, ябълка и бисквити 4м, 190гр","31463","63","1.14",""
"57491","АФИА ПОМОРИЕ","ОВКО мл.каша ябълки,круши и бисквити 4м, 190гр","31464","63","1.14",""
"57491","АФИА ПОМОРИЕ","ОВКО пюре пуешко със зеленчуци 6м, 190гр","31465","64","1.21",""
"57491","АФИА ПОМОРИЕ","ОВКО пюре фин заек и пиле със зеленчуци 6м, 190гр","31467","63","1.53",""
"57491","АФИА ПОМОРИЕ","ОВКО пюре асорти със зеленчуци 4м, 190гр","31468","64","1.02",""
"57491","АФИА ПОМОРИЕ","ОВКО пюре зеленчукова супа с пиле и ориз 6м, 190гр","31469","64","1.26",""
"57491","АФИА ПОМОРИЕ","КЕТОНАЛ КАПС. 50МГ Х 20","31632","94","6.64",""
"57491","АФИА ПОМОРИЕ","ЛАКАЛУТ ПЗ. АНТИ КАРИЕС 75МЛ","32022","81","3.87","2.90"
"57491","АФИА ПОМОРИЕ","НУРОФЕН 7+ за юноши портокал 100мг  дъвч.капс. х 12","32268","94","5.76",""
"57491","АФИА ПОМОРИЕ","АКАРД ТАБЛ. 150МГ Х 30","32390","96","3.37",""
"57491","АФИА ПОМОРИЕ","АКВАФРЕШ паста за зъби fresh&minty  зелена 75ml","32655","81","2.03","1.62"
"57491","АФИА ПОМОРИЕ","МИГ ДЖУНИЪР СИРОП 40МГ/МЛ 100МЛ","32757","94","4.73",""
"57491","АФИА ПОМОРИЕ","АСТЕРА PARODONT ACTIVE ПОМОРИЙСКА ЛУГА п.за зъби 75мл.","32815","81","3.38",""
"57491","АФИА ПОМОРИЕ","ИБУПРОМ НАСТИНКА И ГРИП ЗА ДЕЦА ТАБЛ. 200МГ Х 10","32962","94","3.34",""
"57491","АФИА ПОМОРИЕ","АСТЕРА PARODONT ACTIVE АКТИВЕН ВЪГЛЕН п.за зъби 75мл.","32993","81","3.21",""
"57491","АФИА ПОМОРИЕ","БИОРИПЕЪР ЧЗ SOFT","33066","80","2.61",""
"57491","АФИА ПОМОРИЕ","АНАЛГИН МАКС САШЕ 1000МГ Х 6","33172","96","2.99","2.54"
"57491","АФИА ПОМОРИЕ","ХИП 1 COMBIOTIK адапт.мляко 800г.","33377","65","23.36",""
"57491","АФИА ПОМОРИЕ","ЕЛГИДИУМ ПЗ.мултифункционална 75ml","33411","81","7.21",""
"57491","АФИА ПОМОРИЕ","ЕЛГИДИУМ ПЗ. perioblock  care 75ml","33412","81","7.68",""
"57491","АФИА ПОМОРИЕ","ЕЛГИДИУМ ПЗ.успокояваща за раздразнени венци 75ml","33413","81","7.21",""
"57491","АФИА ПОМОРИЕ","ЛАКАЛУТ ПЗ. АКТИВ & УАЙТ С ЕНЗИМИ 75МЛ","33500","81","4.89",""
"57491","АФИА ПОМОРИЕ","ОВКО пюре зеленчуково 4м , 190 гр","33649","64","1.05",""
"57491","АФИА ПОМОРИЕ","НУРОФЕН лечебен пластир 200mg 2 броя","33678","94","7.40",""
"57491","АФИА ПОМОРИЕ","ИБУПРОМ СПРИНТ МАКС КАПС. 400МГ Х 10","33711","94","4.77",""
"57491","АФИА ПОМОРИЕ","ГЛИМБАКС 0.148 % СПРЕЙ 15ml","33779","95","10.35",""
"57491","АФИА ПОМОРИЕ","ПАРОДОНТАКС паста за зъби herbal 75ml","33794","81","5.46",""
"57491","АФИА ПОМОРИЕ","ПАРОДОНТАКС паста за зъби complete protection  white75ml","33795","81","6.58","4.74"
"57491","АФИА ПОМОРИЕ","ЗЕОЛИТ САПУН 100г.","33945","83","1.77",""
"57491","АФИА ПОМОРИЕ","ЕЛГИДИУМ ПЗ.ДЕТСКА сладка мента 7-12г 50ml","33996","81","5.29",""
"57491","АФИА ПОМОРИЕ","ХИП 2 COMBIOTIK адапт.мляко 800г.","34235","65","23.36",""
"57491","АФИА ПОМОРИЕ","ЧАЙ БЪЗ ЦВЯТ И ЛИМОН  филтър х20 БЧК","34436","72","1.12",""
"57491","АФИА ПОМОРИЕ","ВИТАСИН САПУН с Гераниево масло 70г.","34531","83","1.19",""
"57491","АФИА ПОМОРИЕ","АНАЛГИН МАКС САШЕ 1000МГ Х 20","34552","96","7.99","6.79"
"57491","АФИА ПОМОРИЕ","АПТАМИЛ Comfort 1  Pro Exp 0-6м. 400г","34575","65","13.49",""
"57491","АФИА ПОМОРИЕ","ЕЛГИДИУМ ПЗ.разкриваща плаката 50ml","34576","81","7.06",""
"57491","АФИА ПОМОРИЕ","ЧАЙ ЖЪЛТ КАНТАРИОН ФИЛТЪР Х16","34589","72","1.34",""
"57491","АФИА ПОМОРИЕ","АКВАФРЕШ паста за зъби ACTIVE WHITE 125ml","34623","81","2.69",""
"57491","АФИА ПОМОРИЕ","АКВАФРЕШ паста за зъби деца 9-12 75ml","34624","81","3.52",""
"57491","АФИА ПОМОРИЕ","ЧАЙ ФИЛТЪР AHMAD ЧЕРЕН ЧАЙ СПАЙС X20","34630","72","2.95",""
"57491","АФИА ПОМОРИЕ","АПТАМИЛ Comfort 2  Pro Exp 6+м. 400г","34632","65","13.44",""
"57491","АФИА ПОМОРИЕ","АДАПТ. МЛЯКО ФРИЗОЛАК LF 400ГР","34712","65","11.35",""
"57491","АФИА ПОМОРИЕ","ИБУПРОМ СПРИНТ 200МГ Х10","34772","94","3.92",""
"57491","АФИА ПОМОРИЕ","СТРЕПСИЛС ИНТЕНЗИВ ПОРТОКАЛ таблетки*16","34866","98","5.73",""
"57491","АФИА ПОМОРИЕ","ЧАЙ ЖЪЛТ КАНТАРИОН филтър х 20 БИОПРОГРАМА","34909","72","0.90",""
"57491","АФИА ПОМОРИЕ","ПАНАКТИВ ФОРТЕ СУСП. 200МГ/5МЛ 40МЛ","35058","94","2.83",""
"57491","АФИА ПОМОРИЕ","БЕНАЛГИН РАПИД ПРАХ ЗА ПЕРОР.Р-Р САШЕ Х 10","35202","96","3.92",""
"57491","АФИА ПОМОРИЕ","ЛАКАЛУТ ПЗ.СЕНЗИТИВ & УАЙТ С ЕНЗИМИ 75 МЛ.","35216","81","4.89",""
"57491","АФИА ПОМОРИЕ","СЕНСОДИН паста за зъби sensivity and gum 75ml","35268","81","7.76",""
"57491","АФИА ПОМОРИЕ","КЕТОНАЛ ИНТЕНЗИВ САШЕ 50МГ Х 12","35306","94","7.66",""
"57491","АФИА ПОМОРИЕ","ПЗ ПОМОРИН АКТИВ ПАРОДОНТИТ","35426","81","1.77",""
"57491","АФИА ПОМОРИЕ","ЧАЙ ФИЛТЪР AHMAD ХРАНОСМИЛАНЕ","35651","72","2.85",""
"57491","АФИА ПОМОРИЕ","ЧАЙ ФИЛТЪР AHMAD СЪН","35652","72","2.85",""
"57491","АФИА ПОМОРИЕ","ЕНТЕРОЛ прахчета 250мг.*20","35681","89","13.28",""
"57491","АФИА ПОМОРИЕ","АКВАФРЕШ паста за зъби splash деца 3-8 г.","35790","81","3.52",""
"57491","АФИА ПОМОРИЕ","АДАПТ. МЛЯКО АПТАМИЛ AR2 400ГР","35818","65","13.76",""
"57491","АФИА ПОМОРИЕ","ЕНТЕРОЛ КАПС. 250МГ Х 12","35837","89","6.94",""
"57491","АФИА ПОМОРИЕ","АРОМА САПУН АНТИБАКТЕРИАЛЕН ВЪГЛЕН 90г./ЧИСТО/","35860","83","1.07",""
"57491","АФИА ПОМОРИЕ","ФАРИНГОСЕПТ ТАБЛ. ЗА СМУЧЕНЕ 8,75МГ Х 20","35935","98","4.33",""
"57491","АФИА ПОМОРИЕ","ДИАЛГИН КИДС КАПКИ 500МГ/МЛ 20МЛ","36126","96","4.68",""
"57491","АФИА ПОМОРИЕ","СЛЪНЧО КАША 4мес. ЗЪРНИН М млечна 200г.","36180","63","2.50",""
"57491","АФИА ПОМОРИЕ","СЛЪНЧО КАША 4мес. ПШЕНИЧНО МЛЕЧНА 200г.","36181","63","2.56",""
"57491","АФИА ПОМОРИЕ","СЛЪНЧО КАША 4мес. СЛАДЪК СЪН ОРИЗ МЛЕЧНА безглутенова 200г.","36182","63","2.80",""
"57491","АФИА ПОМОРИЕ","ЛАРА САПУН 375 МЛ. КОКОС","36287","83","1.38",""
"57491","АФИА ПОМОРИЕ","ДАВ сапун РОЗОВ 100g","36301","83","1.31",""
"57491","АФИА ПОМОРИЕ","СЕНСОДИН четка за зъби advanced clean soft","36368","80","4.89",""
"57491","АФИА ПОМОРИЕ","Сапун КРИСПА ЧИСТ ГЛИЦЕРИН+НАР 100ГР","36369","83","1.21",""
"57491","АФИА ПОМОРИЕ","ТЕО БЕБЕ ВЛ.КЪРПИ SENSITIVE 72бр С КАПАК","36475","84","1.56",""
"57491","АФИА ПОМОРИЕ","ЕЛГИДИУМ ПЗ.SENSILEAVE 50 ml","36507","81","7.31",""
"57491","АФИА ПОМОРИЕ","АДАПТ. МЛЯКО НАН КОМФОРТИС 2 800Г","36547","65","19.94",""
"57491","АФИА ПОМОРИЕ","ОКЛИС ФОРТЕ САШЕ 600МГ Х 10","36596","94","6.47",""
"57491","АФИА ПОМОРИЕ","ВЛ. КЪРПИ BABY BEBELAN Сребърна вода х 60","36992","84","1.94",""
"57491","АФИА ПОМОРИЕ","ХИП 3 COMBIOTIK адапт.мляко 500г.","37010","65","12.82",""
"57491","АФИА ПОМОРИЕ","ИБУЛЕК ЗА ДЕЦА СУСП. 100МГ/5МЛ 120МЛ","37116","94","4.06",""
"57491","АФИА ПОМОРИЕ","СТРЕПСИЛС ИНТЕНЗИВ МЕД И ЛИМОН спрей 8.75 mg/dose 15мл","37130","98","8.06",""
"57491","АФИА ПОМОРИЕ","ЧАЙ ЛАЙКА,МЕД И ВАНИЛИЯ  филтър х20 БЧК","37136","72","1.20",""
"57491","АФИА ПОМОРИЕ","ЕНТЕРОЛ caps.250mg x 30","37242","89","15.24",""
"57491","АФИА ПОМОРИЕ","МУКОСОФТ САШЕТА 600МГ Х 10 АДИФАРМ","37406","99","6.12",""
"57491","АФИА ПОМОРИЕ","АНГЕТОП ТАБЛ. 500МГ Х 20","37425","96","1.13",""
"57491","АФИА ПОМОРИЕ","Омалгин, Omalgin перорални капки 500 мг/мл 20 мл","37663","96","3.37",""
"57491","АФИА ПОМОРИЕ","ЕЛГИДИУМ ПЗ. perioblock pro 50ml","37664","81","7.68",""
"57491","АФИА ПОМОРИЕ","ФЛУРБИМЕД МИНТ ТАБЛ. ЗА СМУЧЕНЕ 8,75МГ Х 20","37763","98","5.01",""
"57491","АФИА ПОМОРИЕ","ПАРОДОНТАКС четка за зъби COMPLETE PROTECTION SOFT","37832","80","6.58","4.94"
"57491","АФИА ПОМОРИЕ","ПЗ ПОМОРИН КЛАСИК","37897","81","1.29",""
"57491","АФИА ПОМОРИЕ","ПЗ ПОМОРИН АНТИПАРОДОНТИТ","37898","81","1.29",""
"57491","АФИА ПОМОРИЕ","ЕНТЕРОЛ прахчета 250мг*6","37915","89","4.54",""
"57491","АФИА ПОМОРИЕ","АЦЦ МЕД И ЛИМОН 600МГ САШЕТА Х 10","37930","99","8.69",""
"57491","АФИА ПОМОРИЕ","АКАРД тбл.75мг.х120","37940","96","8.06",""
"57491","АФИА ПОМОРИЕ","ПЗ.БИЛКА дент пародонт избелваща  75ml","37943","81","2.36",""
"57491","АФИА ПОМОРИЕ","НОВАЛАК 1 адапт.мляко кърмач.400гр/0-6м/","38153","65","10.21",""
"57491","АФИА ПОМОРИЕ","НОВАЛАК 2 адапт.мляк кърмач.400гр/6-12м/","38154","65","10.12",""
"57491","АФИА ПОМОРИЕ","НОВАЛАК 3 адапт.мляко преход.400гр/1-3г/","38155","65","9.85",""
"57491","АФИА ПОМОРИЕ","НОВАЛАК AC адапт.мляко колики400г/0-12м/","38156","65","13.12",""
"57491","АФИА ПОМОРИЕ","НОВАЛАК AR адапт.мл повръщане400г/0-12м/","38157","65","11.71",""
"57491","АФИА ПОМОРИЕ","НОВАЛАК IT адапт.мл при запек400г/0-12м/","38158","65","12.04",""
"57491","АФИА ПОМОРИЕ","МИЛОРОФЕН тбл.200мг.х10","38294","94","1.98",""
"57491","АФИА ПОМОРИЕ","ДИКЛОФЛЕКС гел 5% 50г.","38325","95","4.89",""
"57491","АФИА ПОМОРИЕ","АПИВИТА Шампоан за честа употреба 500мл","38464","82","15.61",""
"57491","АФИА ПОМОРИЕ","ЧАЙ Вечерен /лайка , копър , валериана/ 17 пак Yogi Tea","38478","72","4.06",""
"57491","АФИА ПОМОРИЕ","ПАРОДОНТАКС паста за зъби DUO  PACK CLASSIC 2x75ml","38619","81","6.19",""
"57491","АФИА ПОМОРИЕ","НУРОФЕН ЕКСПРЕС ФОРТЕ 400mg меки капсули *20","38658","94","9.69",""
"57491","АФИА ПОМОРИЕ","МУСТЕЛА сапун с колд крем 100г","38694","83","4.05",""
"57491","АФИА ПОМОРИЕ","ЛАКАЛУТ ПЗ. АКТИВ & СЕНЗИТИВ ПАСТА 75 МЛ","38744","81","4.89",""
"57491","АФИА ПОМОРИЕ","NATURE ROSES сапун 75 гр","38969","83","0.77",""
"57491","АФИА ПОМОРИЕ","NATURE ROSES сапун 75 гр бял","38970","83","0.77",""
"57491","АФИА ПОМОРИЕ","АЛЕРГОЗАН 1% КРЕМ 1Г/100ГР 60Г","39040","91","7.65",""
"57491","АФИА ПОМОРИЕ","ПАНАКТИВ BABY супоз.60мг.х5","39186","94","2.45",""
"57491","АФИА ПОМОРИЕ","ПАНАКТИВ BABY супоз.125мг.х5","39187","94","2.77",""
"57491","АФИА ПОМОРИЕ","ПСИЛО-БАЛСАМ ГЕЛ 50ГР","39352","91","8.12",""
"57491","АФИА ПОМОРИЕ","АКВАФРЕШ паста за зъби fresh&minty 50ml","39361","81","1.89","1.51"
"57491","АФИА ПОМОРИЕ","АКВАФРЕШ паста за зъби M&M  125мл","39363","81","2.30",""
"57491","АФИА ПОМОРИЕ","АКВАФРЕШ паста за зъби ACTIVE FRESH 125ml","39364","81","2.69",""
"57491","АФИА ПОМОРИЕ","КУРАПРОКС ПЗ Enzycal Zero 75мл","39624","81","6.43",""
"57491","АФИА ПОМОРИЕ","КУРАПРОКС ПЗ Enzycal 950 75мл","39625","81","6.43",""
"57491","АФИА ПОМОРИЕ","КУРАПРОКС ПЗ Enzycal 1450 75мл","39626","81","7.15",""
"57491","АФИА ПОМОРИЕ","КУРАПРОКС ПЗ [BE YOU] Daydreamer 60 МЛ","39627","81","12.26",""
"57491","АФИА ПОМОРИЕ","КУРАПРОКС ПЗ [BE YOU] Pure happiness  60 МЛ","39628","81","12.26",""
"57491","АФИА ПОМОРИЕ","КУРАПРОКС ПЗ [BE YOU] Explore 60 МЛ","39629","81","12.26",""
"57491","АФИА ПОМОРИЕ","КУРАПРОКС ПЗ [BE YOU] Candy lover 60 МЛ","39630","81","12.26",""
"57491","АФИА ПОМОРИЕ","ЮРИАЖ 1ER BEBE почистващ крем-сапун 100гр.","39661","83","6.69",""
"57491","АФИА ПОМОРИЕ","ВЛ.КЪРПИ EVENT антибакт. алое x15","39743","84","0.40",""
"57491","АФИА ПОМОРИЕ","ВЛ.КЪРПИ EVENT антибакт. невен x15","39744","84","0.40",""
"57491","АФИА ПОМОРИЕ","ВЛ.КЪРПИ EVENT антибакт. лавандула x15","39745","84","0.40",""
"57491","АФИА ПОМОРИЕ","ВЛ.КЪРПИ EVENT антибакт. мандарина x15","39746","84","0.40",""
"57491","АФИА ПОМОРИЕ","ВЛ.КЪРПИ EVENT антибакт. 20% алкохол x15","39747","84","0.49",""
"57491","АФИА ПОМОРИЕ","КУРАПРОКС ПЗ [BE YOU] Challenger  60 МЛ","39837","81","12.26",""
"57491","АФИА ПОМОРИЕ","ВЛ.КЪРПИ PUFIES WW SENSITIVE с капак 64 бр","40048","84","1.94",""
"57491","АФИА ПОМОРИЕ","КЕТАЛГО 50МГ ГРАНУЛИ ЗА ПЕРОРАЛЕН Р-Р В САШЕ Х 6","40084","94","4.35",""
"57491","АФИА ПОМОРИЕ","ОВКО пюре картофи с тиква 4м 190гр","40114","64","1.02",""
"57491","АФИА ПОМОРИЕ","ОВКО меню спагети болонезе 8м+ 220 гр","40115","64","1.48",""
"57491","АФИА ПОМОРИЕ","СЛЪНЧО КАША 6мес. БИСКВИТЕНА млечна с бифидус  200г.","40116","63","2.50",""
"57491","АФИА ПОМОРИЕ","СЛЪНЧО КАША 6мес. млечна ЕЛДА с плодове 200г.","40117","63","2.61",""
"57491","АФИА ПОМОРИЕ","ХИП 1 COMBIOTIK адапт.мляко 350г.","40138","65","11.35",""
"57491","АФИА ПОМОРИЕ","ВЛ.КЪРПИ EVENT антибакт. алое x72","40242","84","1.53",""
"57491","АФИА ПОМОРИЕ","ВЛ.КЪРПИ EVENT антибакт. мандарина x72","40243","84","1.53",""
"57491","АФИА ПОМОРИЕ","ВЛ.КЪРПИ EVENT антибакт. 20% алкохол x60","40244","84","1.64",""
"57491","АФИА ПОМОРИЕ","КУРАПРОКС ПЗ [BE YOU] Rising Star 60 МЛ","40279","81","12.26",""
"57491","АФИА ПОМОРИЕ","АГИВА вл. интимни кърпи","40508","84","0.79",""
"57491","АФИА ПОМОРИЕ","НИЗОРАЛ ШАМПОАН 2% 100МЛ","40549","90","13.69",""
"57491","АФИА ПОМОРИЕ","ВЛ. КЪРПИ PAMPERS sensitive х 52","40636","84","1.53",""
"57491","АФИА ПОМОРИЕ","ФЕЛОРАН ФОРТЕ ГЕЛ 5% 120 ГР СФ","40745","95","8.43","7.17"
"57491","АФИА ПОМОРИЕ","СЕНСОДИН паста за зъби Natural White с активен въглен","40897","81","5.50","3.85"
"57491","АФИА ПОМОРИЕ","БОЧКО ВЛАЖНИ КЪРПИ ПАМУК И ЛАЙКА КАПАК Х 84","40932","84","1.67",""
"57491","АФИА ПОМОРИЕ","ХИП АНТИРЕФЛУКС адапт .мляко 600 гр","41012","65","17.61",""
"57491","АФИА ПОМОРИЕ","ЕЛГИДИУМ ПЗ.ИЗБЕЛВАЩА 50ml","41029","81","5.47",""
"57491","АФИА ПОМОРИЕ","ЛОПЕРАМИД ЕКОФАРМ тбл.2мг.х10","41152","89","2.70",""
"57491","АФИА ПОМОРИЕ","ФЕЛОРАН гел 1% - 120g  Софарма","41160","95","7.58","6.44"
"57491","АФИА ПОМОРИЕ","АКВАФРЕШ паста за зъби naturals mint clean","41284","81","2.30",""
"57491","АФИА ПОМОРИЕ","ЧАЙ ФИТОЛЕК ДЕТОКС Х20","41531","72","2.00",""
"57491","АФИА ПОМОРИЕ","КУРАПРОКС чз CS1560 soft ПРОМО","41636","80","5.50",""
"57491","АФИА ПОМОРИЕ","КСИЗАЛ 0,5МГ/МЛ СИРОП 200МЛ Х 11","41828","100","5.52",""
"57491","АФИА ПОМОРИЕ","ЕЛГИДИУМ ПЗ.ИЗБЕЛВАЩА 100ml  BIO","41852","81","9.20",""
"57491","АФИА ПОМОРИЕ","ЕЛГИДИУМ ПЗ.СЕНЗИТИВ 100ml BIO","41853","81","8.68",""
"57491","АФИА ПОМОРИЕ","АНГАЛ МЕД ТАБЛ. ЗА СМУЧЕНЕ 5МГ/1МГ Х 24","41925","98","7.45",""
"57491","АФИА ПОМОРИЕ","АНГАЛ ЯГОДА ЗА ДЕЦА ТАБЛ. ЗА СМУЧЕНЕ 5МГ/1МГ Х 24","41926","98","7.45",""
"57491","АФИА ПОМОРИЕ","АПТАМИЛ 4 400г ПРОНУТРА","41999","65","10.01",""
"57491","АФИА ПОМОРИЕ","НУРОФЕН ФОРТЕ ТАБЛ.400МГ Х 24","42236","94","8.17",""
"57491","АФИА ПОМОРИЕ","СЛЪНЧО КАША 4мес. ОРИЗОВА безмлечна 180 г","42328","63","2.37",""
"57491","АФИА ПОМОРИЕ","БОЧКО ВЛАЖНИ КЪРПИ ПАМУК И ЛАВАНДУЛА КАПАК Х 84","42347","84","1.67",""
"57491","АФИА ПОМОРИЕ","АПТАМИЛ 1 800г ПРОНУТРА","42367","65","21.16",""
"57491","АФИА ПОМОРИЕ","ЛАКС сол.7.5мг/мл.20мл.","42429","88","4.17",""
"57491","АФИА ПОМОРИЕ","ДРОПЛЕКС 4Г/100Г+1Г/100Г КАПКИ ЗА УШИ Р-Р 15МЛ Х 1","42480","101","4.09",""
"57491","АФИА ПОМОРИЕ","СЛЪНЧО КАША 6мес. ОРИЗОВО МЛЕЧНА С МАНГО,ЯБЪЛКА И БАНАН 200г","42486","63","2.47",""
"57491","АФИА ПОМОРИЕ","ЛАКАЛУТ ПЗ СЕНЗИТИВ ПАСТА 75 МЛ","42491","81","3.87","2.90"
"57491","АФИА ПОМОРИЕ","АПТАМИЛ 2 800г ПРОНУТРА","42492","65","21.16",""
"57491","АФИА ПОМОРИЕ","Сапун КРИСПА БЕБЕ 100 гр","42533","83","0.72",""
"57491","АФИА ПОМОРИЕ","АПТАМИЛ 3 400г ПРОНУТРА","42534","65","10.01",""
"57491","АФИА ПОМОРИЕ","АВЕН XERACALM A.D.СВРЪХОБОГАТЕН САПУН 100г AV","42576","83","9.03","6.59"
"57491","АФИА ПОМОРИЕ","АПТАМИЛ 2 400г ПРОНУТРА","42697","65","10.68",""
"57491","АФИА ПОМОРИЕ","БЕБО ВЛ. КЪРПИЧКИ АЛОЕ ВЕРА 72бр с капак","42708","84","1.57",""
"57491","АФИА ПОМОРИЕ","БЕБО ВЛ. КЪРПИЧКИ ЛАЙКА  72бр с капак","42709","84","1.57",""
"57491","АФИА ПОМОРИЕ","БЕБО ВЛ. КЪРПИЧКИ ЛАВАНДУЛА  90бр с капак","42710","84","1.83",""
"57491","АФИА ПОМОРИЕ","БЕБО ВЛ.КЪРПИЧКИ SENSITIVE 80бр. С НОВ РИДЖИТ","42711","84","1.72",""
"57491","АФИА ПОМОРИЕ","БОЧКО МОКРИ КЪРПИ ПАМУК И СМРАДЛИКА Х 84 КАПАК","42745","84","1.67",""
"57491","АФИА ПОМОРИЕ","АПТАМИЛ 1 400г ПРОНУТРА","42844","65","10.68",""
"57491","АФИА ПОМОРИЕ","Сапун КРИСПА ДОКТОРСКИ 100гр.","42927","83","1.11",""
"57491","АФИА ПОМОРИЕ","ВЛ.КЪРПИ PUFIES WW CLEAN&FRESH  с капак 64 бр","43023","84","1.94",""
"57491","АФИА ПОМОРИЕ","САПУН МИНИ СЪС ЗЕОЛИТ БИОХЕРБА","43057","83","1.40",""
"57491","АФИА ПОМОРИЕ","БЕБО ВЛ.КЪРПИЧКИ МИЦЕЛАРНА ВОДА 64бр. С КАПАК","43128","84","2.08",""
"57491","АФИА ПОМОРИЕ","КСАЛЕРГАН 5МГ/МЛ ПЕРОР. КАПКИ 20МЛ Х 1","43431","100","5.17",""
"57491","АФИА ПОМОРИЕ","ЕЛГИДИУМ ПЗ.ТАЙМЕР ПАСТА ЗА ЗЪБИ 50МЛ.","43434","81","5.88",""
"57491","АФИА ПОМОРИЕ","ОМАЛГИН тбл.500мг.х20","43468","96","1.05",""
"57491","АФИА ПОМОРИЕ","EVENT бебешки кърпи АЛОЕ 20бр","43620","84","0.64",""
"57491","АФИА ПОМОРИЕ","EVENT бебе кърпи АЛОЕ 72","43624","84","1.10",""
"57491","АФИА ПОМОРИЕ","ЛАРА САПУН 375 МЛ. МАЛИНА","43778","83","1.38",""
"57491","АФИА ПОМОРИЕ","ЛАРА САПУН 375 МЛ. ЛАЙМ","43780","83","1.38",""
"57491","АФИА ПОМОРИЕ","САПУН ПРОЛЕТ","43850","83","1.78",""
"57491","АФИА ПОМОРИЕ","ЛАКАЛУТ ПЗ. АКТИВ  ПЛЮС 75мл","43910","81","4.89",""
"57491","АФИА ПОМОРИЕ","ЕЛГИДИУМ ПЗ.ЧУВСТВИТЕЛНИ ВЕНЦИ 100МЛ.BIO","43921","81","8.90",""
"57491","АФИА ПОМОРИЕ","КЕТАЛГО 50МГ ГРАНУЛИ ЗА ПЕРОРАЛЕН Р-Р В САШЕ Х 12","43979","94","6.83",""
"57491","АФИА ПОМОРИЕ","БЕБО ВЛ.КЪРПИЧКИ С 99% ВОДА х 15БР.","44040","84","0.61",""
"57491","АФИА ПОМОРИЕ","БЕБО ULTRA SOFT 80бр. ПЛЪТНИ ВЛ. КЪРПИЧКИ х12","44053","84","1.72",""
"57491","АФИА ПОМОРИЕ","СЛЪНЧО КАША 4мес. БАНАНОВО ЯБЪЛКОВА млечна 200г.","44061","63","2.37",""
"57491","АФИА ПОМОРИЕ","МОКРИ ПОЧИСТВАЩИ КЪРПИ FAMILY СЕПТОНА 100бр с капак","44073","84","1.82",""
"57491","АФИА ПОМОРИЕ","ВЛ. КЪРПИ LARA  ЗА ВЪЗРАСТНИ 50 БР.","44255","84","1.68",""
"57491","АФИА ПОМОРИЕ","ИБУПРОМ СПРИНТ МАКС капс.400мг.х20","44304","94","8.48",""
"57491","АФИА ПОМОРИЕ","ВЛ.КЪРПИ СЕПТОНА  БЕБЕ ЛАЙКА 80бр с капак","44306","84","1.82",""
"57491","АФИА ПОМОРИЕ","ВЛ.КЪРПИ EVENT WC КОКОС 60","44409","84","1.38",""
"57491","АФИА ПОМОРИЕ","ВЛ.КЪРПИ EVENT WC ЛАЙКА 60","44410","84","1.38",""
"57491","АФИА ПОМОРИЕ","ВЛ.КЪРПИ EVENT WC ЛАЙКА КИДС 60","44411","84","1.38",""
"57491","АФИА ПОМОРИЕ","ВЛ.КЪРПИ EVENT WC ПАМУК И АЛОЕ 42","44412","84","1.38",""
"57491","АФИА ПОМОРИЕ","ЧЕРВЕНА БОРОВИНКА филтър х20 FLOSANA","44484","72","1.17",""
"57491","АФИА ПОМОРИЕ","ЧАЙ ЗА СЪРЦЕ филтър х20 Биопрограма","44545","72","1.00",""
"57491","АФИА ПОМОРИЕ","СЕНСОДИН паста за зъби COMPLETE PROTECTION + 75МЛ","44620","81","7.76",""
"57491","АФИА ПОМОРИЕ","АПТАМИЛ 1 800г ЦЕЗАРБИО","44651","65","24.49",""
"57491","АФИА ПОМОРИЕ","АПТАМИЛ 2 800г ЦЕЗАРБИО","44652","65","23.72",""
"57491","АФИА ПОМОРИЕ","КСАЛЕРГАН 5МГ ФИЛМ.ТАБЛ. Х 20","44775","100","8.01",""
"57491","АФИА ПОМОРИЕ","САПУН КРИСПА МЕД+ГЛИЦЕРИН 75Г","44914","83","0.65",""
"57491","АФИА ПОМОРИЕ","ЛАКАЛУТ ПЗ. МУЛТИ ЕФЕКТ ПЛЮС 75МЛ","44939","81","3.87","2.90"
"57491","АФИА ПОМОРИЕ","ВЛ.КЪРПИ EVENT антиб.kids х 15 (сини)","45023","84","0.46",""
"57491","АФИА ПОМОРИЕ","ВЛ.КЪРПИ EVENT антиб.kids х 15(розови)","45024","84","0.46",""
"57491","АФИА ПОМОРИЕ","ДИКЛАК МАКС 5% ГЕЛ 150Г","45076","95","14.82",""
"57491","АФИА ПОМОРИЕ","ЧАЙ БРОНХО ПАМ БУТИКОВА СЕРИЯ филтър х20","45122","72","4.10",""
"57491","АФИА ПОМОРИЕ","СЕНСОДИН паста за зъби sensivity and gum  WHITE 75ml","45138","81","7.76",""
"57491","АФИА ПОМОРИЕ","БОЧКО ВЛАЖНИ КЪРПИ ПАМУК И НЕВЕН КАПАК Х 84","45159","84","1.75",""
"57491","АФИА ПОМОРИЕ","ВЛ.КЪРПИ СЕПТОНА  БЕБЕ АЛОЕ 60бр","45177","84","1.37",""
"57491","АФИА ПОМОРИЕ","ЛАКАЛУТ ПЗ ПЪРФЕКТ УАЙТ 75МЛ","45353","81","3.87","2.90"
"57491","АФИА ПОМОРИЕ","НОВАЛАК RICE AR мляко 400г.","45477","65","15.75",""
"57491","АФИА ПОМОРИЕ","САПУН ЖЕН-ШЕН 60г.","45586","83","0.69",""
"57491","АФИА ПОМОРИЕ","ИБУЛЕК 200МГ САШЕТА Х 10","45604","94","4.39",""
"57491","АФИА ПОМОРИЕ","ВЛ. КЪРПИ LARA x 80 бр. лайка","45709","84","1.17",""
"57491","АФИА ПОМОРИЕ","АКВАФРЕШ паста за зъби All in One Crystal  Whit 100ml","45747","81","2.85",""
"57491","АФИА ПОМОРИЕ","ВЛ. КЪРПИ PAMPERS fresh clean  х 52","45874","84","1.53",""
"57491","АФИА ПОМОРИЕ","АРОМА САПУН ТЕЧЕН WHITE BLOSSOM за чувст.кожа 400мл.+100мл.П","45917","83","1.69",""
"57491","АФИА ПОМОРИЕ","ЧЗ ТРИЗА FOCUS SOFT","45930","80","0.90",""
"57491","АФИА ПОМОРИЕ","ЧЗ ТРИЗА SMILE SOFT /SWISS CLEAN/","45931","80","0.86",""
"57491","АФИА ПОМОРИЕ","ЧАЙ ФИЛТЪР AHMAD СПЕЦ.СЕЛ. БЕЗКОФЕИН x 20","45977","72","3.31",""
"57491","АФИА ПОМОРИЕ","ИБУТОП КРЕМ 100 гр","46049","94","9.14",""
"57491","АФИА ПОМОРИЕ","РЕСПИФОРТИН 600 MG ACETYLCYSTEINE, ЕФ. ТАБЛ. Х 10","46051","99","7.65",""
"57491","АФИА ПОМОРИЕ","СЕНСОДИН паста за зъби антикариес 75ml","46150","81","5.50","3.85"
"57491","АФИА ПОМОРИЕ","ВЛ.КЪРПИ EVENT антибакт. невен x30","46202","84","0.70",""
"57491","АФИА ПОМОРИЕ","ПАРАБОЛ МАКС 400МГ КАПС. Х 10","46205","94","4.48",""
"57491","АФИА ПОМОРИЕ","EVENT бебешки кърпи ВОДА  20бр","46233","84","0.64",""
"57491","АФИА ПОМОРИЕ","EVENT бебешки кърпи ВОДА 60бр","46234","84","1.66",""
"57491","АФИА ПОМОРИЕ","EVENT бебешки кърпи SOFT 3в1  20бр","46235","84","0.61",""
"57491","АФИА ПОМОРИЕ","EVENT бебешки кърпи SOFT 3в1  84бр","46236","84","1.66",""
"57491","АФИА ПОМОРИЕ","НОВАЛАК ALLERNOVA AR 400Г","46248","65","16.18",""
"57491","АФИА ПОМОРИЕ","ТРАКТУС 600МГ ПРАХ ЗА ПЕРОРАЛЕН Р-Р В САШЕ Х 10","46321","99","6.47",""
"57491","АФИА ПОМОРИЕ","СЕНСОДИН паста за зъби PRONAMEL JUNIOR 50ML.","46356","81","4.54",""
"57491","АФИА ПОМОРИЕ","АНАЛГИН ТАБЛ.500МГ Х 30","46420","96","2.29",""
"57491","АФИА ПОМОРИЕ","ИБУПРОМ ФОРТЕ 400МГ ФИЛМ.ТАБЛ. Х 12","46531","94","3.53",""
"57491","АФИА ПОМОРИЕ","БЕБО ВЛ. КЪРПИЧКИ ЛАЙКА  15бр","46594","84","0.46",""
"57491","АФИА ПОМОРИЕ","ТЕО БЕБЕ МОКРИ КЪРПИЧКИ ЛАВАНДУЛА 72 бр","46841","84","1.56",""
"57491","АФИА ПОМОРИЕ","ВЛ.КЪРПИ PALOMITA БЕБЕ 72+28 С КАПАК","46845","84","1.52",""
"57491","АФИА ПОМОРИЕ","ВЛ. КЪРПИ BABY BEBELAN 99.6% вода х 64","46924","84","1.89",""
"57491","АФИА ПОМОРИЕ","ДИКЛАК 12 ЧАСА 23,2 мг/г гел 50гр","46946","95","8.58",""
"57491","АФИА ПОМОРИЕ","ДИКЛАК 12 ЧАСА 2.32% мг/г 100гр","47003","95","11.74",""
"57491","АФИА ПОМОРИЕ","ЧАЙ ЧЕРЕН ФИЛТЪР Х20 БИОПРОГРАМА","37135","72","0.80",""
"57491","АФИА ПОМОРИЕ","ВЛ.КЪРПИ EVENT антибакт. невен x140","47097","84","2.05",""
"57491","АФИА ПОМОРИЕ","БУСКОЛИЗИН обв. тб. 10мг х 30","47308","87","3.99","3.39"
"57491","АФИА ПОМОРИЕ","ЕЛГИДИУМ ПЗ.DECAY PROTECTION  АНТИКАРИЕС 75ml","47347","81","7.21",""
"57491","АФИА ПОМОРИЕ","ОЛИНТ DUO наз.спрей 1мг/мл.+50мг/мл.10мл.","47405","97","6.12",""
"57491","АФИА ПОМОРИЕ","ВЛ.КЪРПИ EVENT антибакт. лайка x72","47433","84","1.10",""
"57491","АФИА ПОМОРИЕ","АГИВА Гъба за баня сапун на перли Лайм FRUIT SALAD","47434","83","2.50",""
"57491","АФИА ПОМОРИЕ","ОРОФАР ИНТЕНС 8,75МГ/ДОЗА СПРЕЙ 15МЛ","47436","98","7.65",""
"57491","АФИА ПОМОРИЕ","ВЛ.КЪРПИ EVENT бебешки лайка x72","47437","84","1.10",""
"57491","АФИА ПОМОРИЕ","ПЗ.БИЛКА МЕД 75 МЛ.","47443","81","2.36",""
"57491","АФИА ПОМОРИЕ","САПУН EvBABY VIT.F 90г","47483","83","0.61",""
"57491","АФИА ПОМОРИЕ","ДУЛКОЛАКС 10МГ СУПОЗИТОРИИ Х6","47553","88","5.86",""
"57491","АФИА ПОМОРИЕ","БЕБО ВЛ.КЪРПИЧКИ НОВОРОДЕНО  64бр. С КАПАК","47635","84","1.82",""
"57491","АФИА ПОМОРИЕ","СЕНСОДИН паста за зъби CLINICAL REPAIR 75ML","47644","81","7.76",""
"57491","АФИА ПОМОРИЕ","ДЕВА DNB ШАМПОАН ХИНИН + АРГАН 500МЛ.","47849","82","2.19",""
"57491","АФИА ПОМОРИЕ","АРОМА ШАМПОАН НАТУРАЛ АЛОЕ МЛЯКО 400мл.","47852","82","2.03",""
"57491","АФИА ПОМОРИЕ","СЕНСОДИН паста за зъби PRONAMEL KIDS 2-6 50ML.","47904","81","4.54",""
"57491","АФИА ПОМОРИЕ","ЧАЙ СЕНА АФИА  филтър","48050","72","1.99",""
"57491","АФИА ПОМОРИЕ","ЧАЙ ЛАЙКА АФИА  филтър","48051","72","1.99",""
"57491","АФИА ПОМОРИЕ","ЧАЙ ДЕТОКС И ИМУНИТЕТ АФИА  филтър","48052","72","1.99",""
"57491","АФИА ПОМОРИЕ","ЧАЙ СЛАБИТЕЛЕН АФИА  филтър","48053","72","1.99",""
"57491","АФИА ПОМОРИЕ","ВОЛТАРЕН 140МГ ЛЕЧЕБЕН ПЛАСТИР Х 5","48138","95","17.36","13.89"
"57491","АФИА ПОМОРИЕ","ВЛ. КЪРПИ LARA АКВА 99,5% БИОРАЗГР. x 72 БР.","48158","84","1.69",""
"57491","АФИА ПОМОРИЕ","ХИП 4 КОМБ.МЛ.МАЛКИ ДЕЦА 500 ГР.","48182","65","12.08",""
"57491","АФИА ПОМОРИЕ","АВЕН CLEANANCE ПОЧИСТВАЩ САПУН 100ГР. AV","48307","83","7.63","5.57"
"57491","АФИА ПОМОРИЕ","СТРЕПСИЛС ИНТЕНЗИВ МЕД И ЕВКАЛИПТ ТАБЛ. Х 16","48369","98","5.73",""
"57491","АФИА ПОМОРИЕ","КЕТАЛГО 25мг 10 табл.","48378","94","5.14",""
"57491","АФИА ПОМОРИЕ","АКВАФРЕШ паста за зъби PLUS VISIBLE WHITE 75МЛ.","48413","81","2.81","2.11"
"57491","АФИА ПОМОРИЕ","АКВАФРЕШ паста за зъби PLUS FRESH FEEL 75МЛ.","48414","81","2.81","2.11"
"57491","АФИА ПОМОРИЕ","СЕНСОДИН паста за зъбиЗ REPAIR & PROTECT WHITENING 75ML","48480","81","7.76",""
"57491","АФИА ПОМОРИЕ","СЕНСОДИН паста за зъби CLINICAL REPAIR WHITE 75ML","48481","81","7.76",""
"57491","АФИА ПОМОРИЕ","СЕНСОДИН паста за зъби COMPLETE PROTECTION WHITE 75ML","48482","81","7.76",""
"57491","АФИА ПОМОРИЕ","ВЛ. КЪРПИ BABY BEBELAN ЛАЙКА+АЛОЕ с капак х 64","48486","84","1.53",""
"57491","АФИА ПОМОРИЕ","ВЛ. КЪРПИ BABY BEBELAN СМРАДЛИКА+ЛАЙКА с капак х 64","48487","84","1.53",""
"57491","АФИА ПОМОРИЕ","АКВАФРЕШ паста за зъби mild &minti 125 ml.","48514","81","2.69",""
"57491","АФИА ПОМОРИЕ","БИЛКА НЕВЕН ШАМПОАН ЗА КОСА 400МЛ.","48554","82","3.33",""
"57491","АФИА ПОМОРИЕ","МУСТЕЛА МОКРИ КЪРПИЧКИ С ВОДА БЕЗ ПАРФЮМ Х 60","48570","84","5.92",""
"57491","АФИА ПОМОРИЕ","ЕЛГИДИУМ ЧЗ 4в1 S","48692","80","10.46",""
"57491","АФИА ПОМОРИЕ","ЛАКСАКОДИЛ 5МГ СУ ТАБЛ. Х 30","48727","88","2.21",""
"57491","АФИА ПОМОРИЕ","НОВАЛАК 1 адапт.мляк кърмач. 800г./0-6мес./","48740","65","19.44",""
"57491","АФИА ПОМОРИЕ","ОКЛИС ЕКСПРЕС 400 мг x 10 сашети","48782","94","5.71",""
"57491","АФИА ПОМОРИЕ","ЕНТЕРОЛ ФОРТЕ саше 500мг х 10","49046","89","9.82",""
"57491","АФИА ПОМОРИЕ","ОКЛИС ЕКСПРЕС 400 мг x 20 сашети","49081","94","9.53",""
"57491","АФИА ПОМОРИЕ","НУРОФЕН ЕКСПРЕС ФОРТЕ КОМПАКТ 400МГ КАПС. Х 10","49172","94","6.12",""
"57491","АФИА ПОМОРИЕ","НУРОФЕН ЕКСПРЕС ФОРТЕ КОМПАКТ 400МГ КАПС. Х 20","49173","94","10.67",""
"57491","АФИА ПОМОРИЕ","АКВАФРЕШ паста за зъби DEEP CLEAN WHITE RENEW 75ML","49246","81","3.52","2.64"
"57491","АФИА ПОМОРИЕ","GERBER КАША МАНГО БАНАН 240ГР.","49265","63","3.79",""
"57491","АФИА ПОМОРИЕ","GERBER КАША ЙОГ.БАН.КРУША 240ГР","49266","63","3.79",""
"57491","АФИА ПОМОРИЕ","GERBER 2929 ПЮРЕ СУПА КАРФИОЛ И ЗАЕК 190","49272","64","1.74",""
"57491","АФИА ПОМОРИЕ","GERBER 7214 ПЮРЕ ЗЕЛЕНЧ. С ТЕЛЕШКО И МАКАРОНИ 190ГР","49273","64","1.74",""
"57491","АФИА ПОМОРИЕ","GERBER 7889 ПЮРЕ РИЗОТО ПУЙКА ЗЕЛ. 250ГР","49274","64","2.20",""
"57491","АФИА ПОМОРИЕ","АДАПТ. МЛЯКО NAN 1 OPTIPRO 400ГР","49280","65","12.59",""
"57491","АФИА ПОМОРИЕ","АДАПТ. МЛЯКО NAN 2 OPTIPRO 400ГР","49281","65","12.57",""
"57491","АФИА ПОМОРИЕ","АДАПТ. МЛЯКО NAN 3 OPTIPRO 400ГР","49282","65","10.38",""
"57491","АФИА ПОМОРИЕ","АДАПТ. МЛЯКО NAN COMFORT 400ГР","49283","65","15.08",""
"57491","АФИА ПОМОРИЕ","ПАРАБОЛ МАКС 400МГ КАПС. Х 20","49296","94","8.63",""
"57491","АФИА ПОМОРИЕ","НОВАЛАК 2 адапт.мляк кърмач. 800г./6-12мес./","49320","65","18.78",""
"57491","АФИА ПОМОРИЕ","ОТОФИКС 40МГ/Г + 10МГ/Г КАПКИ ЗА УШИ 15МЛ Х 1","49354","101","3.88",""
"57491","АФИА ПОМОРИЕ","СЕНСОДИН паста за зъби CAVITY  75ml","49375","81","5.10",""
"57491","АФИА ПОМОРИЕ","ХИП 1 ORGANIC АДАПТ. МЛЯКО 600ГР.","49423","65","13.63",""
"57491","АФИА ПОМОРИЕ","ХИП 2 ORGANIC АДАПТ. МЛЯКО 600ГР.","49424","65","13.63",""
"57491","АФИА ПОМОРИЕ","СЕНСОДИН паста за зъби CAVITY + SENSITIVITY 75ml","49449","81","5.10",""
"57491","АФИА ПОМОРИЕ","ЕФИЗОЛ ИНТЕНЗ 8,75МГ ТАБЛ. ЗА СМУЧЕНЕ Х 24","49588","98","6.39","5.56"
"57491","АФИА ПОМОРИЕ","НОВАЛАК AR ДАЙДЖЕСТ+ АДАПТИР.МЛЯКО 400гр","49605","65","14.85",""
"57491","АФИА ПОМОРИЕ","ЧАЙ С ЛАЙКА И АНАСОН БИО 20 ФИЛ.ПАК./MANZANILLA","49697","72","3.13",""
"57491","АФИА ПОМОРИЕ","КУРАПРОКС ПЗ Enzycal 950;  10 ml","49711","81","2.39",""
"57491","АФИА ПОМОРИЕ","МОБИЛАТ ЕМУЛГЕЛ 2,32% ГЕЛ 180Г Х 1","49715","95","19.10",""
"57491","АФИА ПОМОРИЕ","АРОМА ШАМПОАН НАТУРАЛ ЯЙЧЕН 400мл.","49799","82","1.86",""
"00151","АФИА АЙТОС","ГЕЛОМИРТОЛ ФОРТЕ КАПС.300МГ Х 20","1336","99","8.64",""
"00151","АФИА АЙТОС","АЦЦ 200 ПРАХЧЕТА 200МГ Х 20","1338","99","6.97",""
"00151","АФИА АЙТОС","АЦЕТИЗАЛ  ТАБЛ. 500МГ Х 20 АК","1747","96","1.40",""
"00151","АФИА АЙТОС","АЛКА-ЗЕЛЦЕР ЕФ.ТАБЛ. 324МГ Х 10","1750","96","3.02",""
"00151","АФИА АЙТОС","БЕНАЛГИН ТАБЛ. Х 20","1767","96","2.86",""
"00151","АФИА АЙТОС","АЛЕРГОЗАН ДРАЖ. 25МГ Х 20","1896","91","3.71",""
"00151","АФИА АЙТОС","АЛМАГЕЛ СУСП. 170МЛ","2036","86","2.55",""
"00151","АФИА АЙТОС","БИЗАКОДИЛ СУПОЗ. 10МГ Х 6","2041","88","3.15",""
"00151","АФИА АЙТОС","БИЗАЛАКС ТАБЛ. 5 МГ Х 30","2043","88","2.44",""
"00151","АФИА АЙТОС","ФЕНОЛАКС ДРАЖ. 5МГ Х 30","2069","88","1.72",""
"00151","АФИА АЙТОС","ИМОДИУМ КАПС. 2МГ Х 6","2078","89","3.51",""
"00151","АФИА АЙТОС","СПАЗМАЛГОН ТАБЛ. Х 20","2096","87","3.82","3.63"
"00151","АФИА АЙТОС","ТАЛЦИД ТАБЛ. 500МГ Х 20","2099","86","4.19",""
"00151","АФИА АЙТОС","ОТИПАКС СОЛ. 15МЛ","2273","101","3.98",""
"00151","АФИА АЙТОС","ИБУТОП ГЕЛ 50ГР","2322","94","5.56",""
"00151","АФИА АЙТОС","РЕПАРИЛ ГЕЛ N 40Г","2341","95","6.12",""
"00151","АФИА АЙТОС","ВОЛТАРЕН ЕМУЛГЕЛ 1,16% 50ГР","2348","95","6.32","4.99"
"00151","АФИА АЙТОС","АЛЕРГОЗАН КРЕМ 18Г","2359","91","4.03",""
"00151","АФИА АЙТОС","АЛЕРГОЗАН УНГВ. 18Г","2360","91","4.02",""
"00151","АФИА АЙТОС","ЕКЗОДЕРИЛ 1%  КРЕМ 15ГР","2409","90","6.08",""
"00151","АФИА АЙТОС","ЕКЗОДЕРИЛ 1%  СОЛ. 10МЛ","2410","90","7.51",""
"00151","АФИА АЙТОС","ЙОДАСЕПТ УНГВ. 90Г","2430","92","4.60",""
"00151","АФИА АЙТОС","ЧАЙ САНИЕ СВЕТЛОЗЕЛЕН ФИЛТЪР Х 30TNT21","3089","72","3.54",""
"00151","АФИА АЙТОС","ЧАЙ УСПОКОИТЕЛЕН ФИЛТЪР 1,5ГР Х 20 ЕВЕЛИН","3090","72","2.25",""
"00151","АФИА АЙТОС","ЧАЙ БЕБЕЗАН ФИЛТЪР 1,5ГР Х 20 ЕВЕЛИН","3098","72","2.27",""
"00151","АФИА АЙТОС","ЧАЙ БРОНХОЛИН ФИЛТЪР Х 20 ЕВЕЛИН","3100","72","2.20",""
"00151","АФИА АЙТОС","АДАПТ. МЛЯКО ФРИЗОВОМ 400ГР","3115","65","12.37",""
"00151","АФИА АЙТОС","АДАПТ. МЛЯКО ФРИЗОЛАК 1 400ГР + ЛЪЖИЧКА","3118","65","9.28",""
"00151","АФИА АЙТОС","ЛАКАЛУТ ПЗ. АКТИВ 75мл","3429","81","3.87","2.90"
"00151","АФИА АЙТОС","АКВАФРЕШ паста за зъби детска 3-5 години little teeth","3433","81","3.52",""
"00151","АФИА АЙТОС","АДАПТ. МЛЯКО НАН НА 400Г 0-12 МЕСЕЦА","3638","65","13.29",""
"00151","АФИА АЙТОС","АКВАФРЕШ паста за зъби fresh&minty125ml синя","3930","81","2.69",""
"00151","АФИА АЙТОС","АНАЛГИН ТАБЛ. 500МГ 2 Х 10 СФ","4202","96","1.67",""
"00151","АФИА АЙТОС","ПАРОДОНТАКС паста за зъби F 75МЛ","4271","81","5.46",""
"00151","АФИА АЙТОС","ТРОМБО ASS 100МГ Х 30 ГЕРОТ","4322","96","1.38",""
"00151","АФИА АЙТОС","ДИКЛАК МАКС ГЕЛ 5% 50Г","4407","95","7.15",""
"00151","АФИА АЙТОС","ЛОПЕДИУМ КАПС. 2МГ Х 10","4440","89","3.56",""
"00151","АФИА АЙТОС","МИРТОЛ КАПС.120МГ Х 20","4966","99","4.80",""
"00151","АФИА АЙТОС","ЕЛГИДИУМ ПЗ.АНТИПЛАКА 75ml","5207","81","6.53",""
"00151","АФИА АЙТОС","НУРОФЕН ТАБЛ. 200МГ Х 12","5237","94","3.39",""
"00151","АФИА АЙТОС","ЕЛГИДИУМ ПЗ.ИЗБЕЛВАЩА 75ml","5605","81","7.21",""
"00151","АФИА АЙТОС","ДАВ сапун exfoliating 100g","5666","83","1.31",""
"00151","АФИА АЙТОС","НУРОФЕН СУСП. 100МГ/5МЛ 100МЛ /ПОРТОКАЛ/","5803","94","4.54",""
"00151","АФИА АЙТОС","ДАВ сапун original cream bar 100g","5857","83","1.73",""
"00151","АФИА АЙТОС","ЕУСЕРИН ph5.5 сапун за чувств.кожа","6078","83","4.08",""
"00151","АФИА АЙТОС","КСИЗАЛ ТАБЛ. 5МГ Х 20","6448","100","11.23",""
"00151","АФИА АЙТОС","КСИЗАЛ ТАБЛ. 5МГ Х 7","6502","100","4.49",""
"00151","АФИА АЙТОС","ПСИЛО-БАЛСАМ ГЕЛ 20ГР","6551","91","5.93",""
"00151","АФИА АЙТОС","АСПИРИН ПРОТЕКТ ТАБЛ. 100МГ Х 40","6576","96","3.06",""
"00151","АФИА АЙТОС","ПАРОДОНТАКС паста за зъби КЛАСИК /БЕЗ ФЛУОРИД/ 75МЛ","7138","81","5.46",""
"00151","АФИА АЙТОС","КАЛМАБЕН ТАБЛ. Х 10","7500","91","3.13",""
"00151","АФИА АЙТОС","МУКОНАЗАЛ ПЛЮС СПРЕЙ 10МЛ","7593","97","6.43",""
"00151","АФИА АЙТОС","КАЛМАБЕН ТАБЛ. Х 20","7600","91","5.52",""
"00151","АФИА АЙТОС","АКВАФРЕШ четка за зъби standart family","8489","80","0.96",""
"00151","АФИА АЙТОС","ХЕКСАЛГИН СОЛ.500МГ/МЛ 20МЛ","8491","96","5.31",""
"00151","АФИА АЙТОС","КЕТОЗАЛ ШАМПОАН 2% 60МЛ   Х","8533","90","7.11","6.40"
"00151","АФИА АЙТОС","НУРОФЕН ФОРТЕ ТАБЛ.400МГ Х 12","8703","94","4.59",""
"00151","АФИА АЙТОС","СТРЕПСИЛС ИНТЕНЗИВ ТАБЛ. Х 16","9302","98","5.57",""
"00151","АФИА АЙТОС","ДИАЛГИН САШЕТИ 1000МГ Х 20 ХИМАКС","9395","96","7.37",""
"00151","АФИА АЙТОС","ЕЛГИДИУМ ЧЗ.КЛИНИК антиплака S","9696","80","5.95",""
"00151","АФИА АЙТОС","ДАВ сапун fresh touch 100g","9715","83","1.31",""
"00151","АФИА АЙТОС","АДАПТ. МЛЯКО ФРИЗО 3 400Г","9775","65","8.10",""
"00151","АФИА АЙТОС","ЧАЙ ЗА ДИАБЕТИЦИ С КАНЕЛА Ф.20 БИОПРОГРАМА","10065","72","1.00",""
"00151","АФИА АЙТОС","ДУЛКОЛАКС ПИКО КАПКИ 7,5МГ 15МЛ","10072","88","5.86",""
"00151","АФИА АЙТОС","ЛАКАЛУТ ПЗ. ИЗБЕЛВАЩА 75МЛ","10221","81","3.87","2.90"
"00151","АФИА АЙТОС","НУРОФЕН СУСП. 100МГ/5МЛ 100МЛ /ЯГОДА/","10248","94","4.54",""
"00151","АФИА АЙТОС","БОЧКО САПУН СМРАДЛИКА 75ГР.","10384","83","0.99",""
"00151","АФИА АЙТОС","ФАМОТИДИН АЛКАЛОИД ТАБЛ. 20МГ Х 20","10842","86","0.97",""
"00151","АФИА АЙТОС","ВОЛТАРЕН ЕМУЛГЕЛ 1,16% 100ГР","10916","95","10.16","7.99"
"00151","АФИА АЙТОС","ДИАРОСТАД КАПС. x 10","11014","89","3.36",""
"00151","АФИА АЙТОС","АКВАФРЕШ четка за зъби DUO clean & flex MEDIUM","11125","80","2.69",""
"00151","АФИА АЙТОС","СТОПЕРАН КАПС.2МГ Х 8","11131","89","3.27",""
"00151","АФИА АЙТОС","ЧАЙ ПРИ ГРИП И ПРОСТУДА/СТУД И ЗИМА БИПРОГРАМА","11229","72","1.00",""
"00151","АФИА АЙТОС","БИОТРЕЙД  АКНЕ АУТ САПУН 100Г","12382","83","6.12",""
"00151","АФИА АЙТОС","БЕНАЛГИН ТАБЛ. Х 10","12604","96","1.70",""
"00151","АФИА АЙТОС","ДЕРМОДРИН МАЗ 30ГР","12712","91","3.98",""
"00151","АФИА АЙТОС","НИЯ САПУН КАТРАНЕН 60ГР","12713","83","0.69",""
"00151","АФИА АЙТОС","НИЯ САПУН СЕРЕН 60ГР","12714","83","0.69",""
"00151","АФИА АЙТОС","КСИЗАЛ СОЛ. 5МГ/МЛ 20МЛ","12842","100","5.50",""
"00151","АФИА АЙТОС","НАЗИК НАЗ.СПРЕЙ ЗА ДЕЦА 10МЛ","12996","97","4.74",""
"00151","АФИА АЙТОС","ЗЕНАРО ТАБЛ. 5МГ Х 7","13003","100","3.57",""
"00151","АФИА АЙТОС","МИГ-400 ТАБЛ. 400МГ Х 10","13010","94","2.54",""
"00151","АФИА АЙТОС","ДИКЛАК МАКС ГЕЛ 5% 100Г","13113","95","8.94",""
"00151","АФИА АЙТОС","ПАРОДОНТАКС паста за зъби WHITENING 75МЛ","13119","81","5.46",""
"00151","АФИА АЙТОС","ПРОАЛГИН ТАБЛ. 500МГ Х 20","13407","96","1.28",""
"00151","АФИА АЙТОС","ФЕЛОРАН гел 1% - 60g  Софарма","13428","95","4.29","3.65"
"00151","АФИА АЙТОС","НАЗИК НАЗ.СПРЕЙ 10МЛ","13740","97","6.48",""
"00151","АФИА АЙТОС","АКВАФРЕШ паста за зъби junior 6+ 50ml","13940","81","3.52",""
"00151","АФИА АЙТОС","РУВЕКСИН ТАБЛ. 325МГ Х 100","13945","96","2.96",""
"00151","АФИА АЙТОС","АДАПТ. МЛЯКО НАН ОПТИПРО 1 800Г","14239","65","22.85",""
"00151","АФИА АЙТОС","ЧАЙ БРОНХО ПАМ С ЕХИНАЦЕЯ /ЗЕЛЕН/ ФИЛТЪР Х 30","14306","72","3.63",""
"00151","АФИА АЙТОС","АСТЕРА PARODONT ACTIVE п.за зъби 75мл.","14726","81","3.21",""
"00151","АФИА АЙТОС","ПЗ.БИЛКА дент пародонт експерт 75ml","14893","81","2.36",""
"00151","АФИА АЙТОС","АНАЛГИН ХИН ТАБЛ. 250МГ Х 10","15006","96","1.89",""
"00151","АФИА АЙТОС","ИМОМЕД ТАБЛ. 2МГ Х 10","15176","89","2.68",""
"00151","АФИА АЙТОС","СИАФЕН СУСП.100МГ/5МЛ 120МЛ","15215","94","3.61",""
"00151","АФИА АЙТОС","ДИКЛАК ГЕЛ 1% 50Г","15243","95","6.13",""
"00151","АФИА АЙТОС","ЛАКАЛУТ ЧЗ. АКТИВ","15427","80","3.87","2.90"
"00151","АФИА АЙТОС","КАФЕТИН МЕНСТРУАЛ ТАБЛ. 200МГ  Х 10","15432","94","3.26",""
"00151","АФИА АЙТОС","НУРОФЕН ЕКСПРЕС КАПС. 200МГ Х 10","15451","94","4.59",""
"00151","АФИА АЙТОС","ДАВ сапун men fresh 100g","15469","83","1.31",""
"00151","АФИА АЙТОС","АЦЕТИЗАЛ КАРДИО ТАБЛ. 100МГ Х 30","15483","96","1.99",""
"00151","АФИА АЙТОС","ЕЛГИДИУМ ПЗ. brilliance /за интенз.избелване/","15549","81","8.48",""
"00151","АФИА АЙТОС","ЕЛГИДИУМ ПЗ.ДЕТСКА bubbles 7-12г 50ml","15613","81","5.09",""
"00151","АФИА АЙТОС","ЕЛГИДИУМ ПЗ.ДЕТСКА г.плодове 50ml","15614","81","5.09",""
"00151","АФИА АЙТОС","НИЯ САПУН С ХУМА 60ГР","15629","83","0.69",""
"00151","АФИА АЙТОС","НУРОФЕН ТАБЛ. 200МГ Х 24","15634","94","5.78",""
"00151","АФИА АЙТОС","ЙОДАСЕПТ УНГВ. 40Г","15692","92","3.05",""
"00151","АФИА АЙТОС","ЧАЙ ФИТОЛЕК ГИНКО Х20","15693","72","2.00",""
"00151","АФИА АЙТОС","ЧАЙ ФИТОЛЕК ЕЛЕГАНС Х20","15695","72","2.00",""
"00151","АФИА АЙТОС","ЧАЙ ФИТОЛЕК ИМУНО Х20","15696","72","2.00",""
"00151","АФИА АЙТОС","ЧАЙ ФИТОЛЕК КАРДИО Х20","15697","72","2.00",""
"00151","АФИА АЙТОС","ЧАЙ ФИТОЛЕК ПРОСТАТА Х 20","15699","72","2.00",""
"00151","АФИА АЙТОС","ЧАЙ ФИТОЛЕК РЕЛАКС Х 20","15700","72","2.00",""
"00151","АФИА АЙТОС","ЧАЙ ФИТОЛЕК СЛАБИТЕЛЕН Х 20","15701","72","2.00",""
"00151","АФИА АЙТОС","ЧАЙ ФИТОЛЕК УРО Х20","15702","72","2.00",""
"00151","АФИА АЙТОС","ЧАЙ ФИТОЛЕК ФАРИНГО Х 20","15703","72","2.00",""
"00151","АФИА АЙТОС","ДУЛКОЛАКС ТАБЛ. 5МГ Х 30","15745","88","5.86",""
"00151","АФИА АЙТОС","ЧАЙ МЕЧО ГРОЗДЕ ФИЛТЪР Х 20 БИОПРОГРАМА","15811","72","1.00",""
"00151","АФИА АЙТОС","ДИАЛГИН ДЖУНИЪР САШЕ 250МГ Х 5 ХИМАКС","16102","96","1.89",""
"00151","АФИА АЙТОС","ГЛИМБАКС ОРАЛ 200МЛ","16307","95","9.36",""
"00151","АФИА АЙТОС","ДАВ сапун supreme creme oil  100г","16326","83","1.31",""
"00151","АФИА АЙТОС","АЦЕТИЗАЛ КАРДИО ТАБЛ. 100МГ Х 100","16331","96","5.99",""
"00151","АФИА АЙТОС","СЕНСОДИН паста за зъби REPAIR 75ml","16533","81","7.76",""
"00151","АФИА АЙТОС","МИГ ЗА ДЕЦА СИРОП 20МГ/МЛ 100МЛ","16551","94","3.76",""
"00151","АФИА АЙТОС","АЦЕТИЗАЛ КАРДИО ТАБЛ. 75МГ Х 100","16734","96","4.73",""
"00151","АФИА АЙТОС","БОЧКО САПУН ЛАЙКА 75ГР","16793","83","0.99",""
"00151","АФИА АЙТОС","АПИРИ ТАБЛ. 100МГ Х 30","16840","96","1.93",""
"00151","АФИА АЙТОС","ЕЛГИДИУМ ПЗ.СЕНЗИТИВ 75ml","16988","81","6.63",""
"00151","АФИА АЙТОС","ВОЛТАРЕН ФОРТЕ ГЕЛ 2,32% 50ГР","17051","95","8.96","6.99"
"00151","АФИА АЙТОС","ЧАЙ БАБИНИ ЗЪБИ ФИЛТЪР Х 20 БИОПРОГРАМА","17074","72","1.19",""
"00151","АФИА АЙТОС","ЛАКАЛУТ ПЗ. УАЙТ И РИПЕЪР 75МЛ","17078","81","4.89","3.67"
"00151","АФИА АЙТОС","ДИАЛГИН САШЕТИ 500МГ Х 20 ХИМАКС","17543","96","6.77",""
"00151","АФИА АЙТОС","ОТИРЕЛАКС СОЛ. 15МЛ","17705","101","4.06",""
"00151","АФИА АЙТОС","АДАПТ. МЛЯКО ФРИЗОЛАК 2  400ГР + ЛЪЖИЧКА","17765","65","9.08",""
"00151","АФИА АЙТОС","АКВАФРЕШ паста за зъби fresh&minty  синя 75ml","17840","81","2.03","1.62"
"00151","АФИА АЙТОС","ЛАКАЛУТ ПЗ. АКТИВ ХЕРБАЛ 75МЛ","17989","81","3.87","2.90"
"00151","АФИА АЙТОС","ПАРОДОНТАКС паста за зъби EXTRA FRESH 75МЛ","18011","81","5.46",""
"00151","АФИА АЙТОС","ЕЛГИДИУМ ПЗ.ДЕТСКА свежа ягода 50ml","18223","81","5.09",""
"00151","АФИА АЙТОС","ЧАЙ ФИТОЛЕК ГАСТРО Х20","18338","72","2.00",""
"00151","АФИА АЙТОС","ЕЛГИДИУМ ПЗ.АНТИКАРИЕС 75ml","18398","81","6.07",""
"00151","АФИА АЙТОС","СЕНСОДИН паста за зъби PROTECT&REPAIR WHITENING 75МЛ","18419","81","6.80",""
"00151","АФИА АЙТОС","НУРОФЕН ЕКСПРЕС ФОРТЕ КАПС. 400МГ Х 10","18430","94","5.43",""
"00151","АФИА АЙТОС","ЧАЙ ВЪЛШЕБНИК филтър х20 БИОПРОГРАМА","18452","72","1.25",""
"00151","АФИА АЙТОС","ЧАЙ МАТОЧИНА ФИЛТЪР Х16 БИЛЕК","18583","72","1.56",""
"00151","АФИА АЙТОС","ЧАЙ БРОНХОЛЕК ГРЪДЕН Ф.Х 16","18584","72","1.68",""
"00151","АФИА АЙТОС","ЛАКТАНА БИО 1 адпт. мляко 600гр.","18647","65","18.52",""
"00151","АФИА АЙТОС","АНАЛГИН КАПКИ 500МГ/МЛ 20МЛ СФ","18658","96","3.22",""
"00151","АФИА АЙТОС","ЧАЙ ФИТОЛЕК ЛАКТО Х20","18690","72","2.00",""
"00151","АФИА АЙТОС","НУРОФЕН ФЕМИНА ФОРТЕ табл.х 12","18693","94","5.43",""
"00151","АФИА АЙТОС","ПЗ.БИЛКА дент експерт избелваща 75ml","18765","81","2.51",""
"00151","АФИА АЙТОС","ДАВ сапун go fresh restore 100g","18766","83","1.31",""
"00151","АФИА АЙТОС","ФЕЛОРАН ФОРТЕ ГЕЛ 5% 40ГР","18775","95","5.50","4.68"
"00151","АФИА АЙТОС","БИЗАКОДИЛ СОФАРМА СУПОЗ. 5МГ Х 6","18919","88","2.35",""
"00151","АФИА АЙТОС","БИОРИПЕЪР пз night repair 75ml","18969","81","4.55",""
"00151","АФИА АЙТОС","БИОРИПЕЪР пз Junior  ЯГОДА 50ml","18970","81","3.04",""
"00151","АФИА АЙТОС","ЧАЙ МЕНТА ФИЛТЪР Х 20 БИОПРОГРАМА","19084","72","0.96",""
"00151","АФИА АЙТОС","ЧАЙ ФИТОЛЕК ДИАБЕТ","19312","72","2.00",""
"00151","АФИА АЙТОС","БОЧКО САПУН НЕВЕН 75ГР","19341","83","0.99",""
"00151","АФИА АЙТОС","БОЧКО САПУН ЛАВАНДУЛА 75ГР","19342","83","0.99",""
"00151","АФИА АЙТОС","ЕЛГИДИУМ ЧЗ.diffusion S","19382","80","5.95",""
"00151","АФИА АЙТОС","ЕЛГИДИУМ ЧЗ.избелваща S","19392","80","6.34",""
"00151","АФИА АЙТОС","ЧАЙ БИОБРОНХО ФИЛТЪР Х 20 БИОПРОГРАМА","19513","72","1.00",""
"00151","АФИА АЙТОС","ЧАЙ ЛАЙКА ФИЛТЪР Х 20 БИОПРОГРАМА","19514","72","0.96",""
"00151","АФИА АЙТОС","ЧАЙ ЗА БЪБРЕЦИ ПО ЛАМБРЕВ Х 30","19519","72","2.69",""
"00151","АФИА АЙТОС","ЧАЙ ФИТОЛЕК БРОНХО Х 20","19624","72","2.00",""
"00151","АФИА АЙТОС","ЧАЙ ЦЯРЪ при бъбречни проблеми х 30","20221","72","3.39",""
"00151","АФИА АЙТОС","ЧАЙ ЦЯРЪ при кашлица и бронхит х 30","20223","72","3.39",""
"00151","АФИА АЙТОС","ЧАЙ ЦЯРЪ при киселини в стомаха х 30","20224","72","3.39",""
"00151","АФИА АЙТОС","ЧАЙ ЦЯРЪ при проблеми на жлъчката х 30","20225","72","3.39",""
"00151","АФИА АЙТОС","ЧАЙ ЦЯРЪ слабителен х 30","20226","72","3.39",""
"00151","АФИА АЙТОС","ЧАЙ ЦЯРЪ срещу лошия холестерол х 30","20227","72","3.39",""
"00151","АФИА АЙТОС","ИМОДИУМ ИНСТАНТ ОРОДИСП. ТАБЛ. 2МГ Х 6","20294","89","4.16",""
"00151","АФИА АЙТОС","ЧАЙ ЛЕКА НОЩ филтър х20 БИОПРОГРАМА","20307","72","0.80",""
"00151","АФИА АЙТОС","ДОЛОРЕН ТАБЛ. 200МГ Х 10","20458","94","1.55",""
"00151","АФИА АЙТОС","НИЯ САПУН КАТРАНЕН+БИЛКИ 60ГР.","20660","83","0.69",""
"00151","АФИА АЙТОС","ЧАЙ МАТОЧИНА ФИЛТЪР Х 20 БИОПРОГРАМА","20755","72","0.85",""
"00151","АФИА АЙТОС","ЧАЙ РОДОПСКИ филтър х20 БИОПРОГРАМА","20757","72","0.80",""
"00151","АФИА АЙТОС","ЧАЙ КАРКАДЕ ФИЛТЪР Х20 АЛИН","20762","72","0.97",""
"00151","АФИА АЙТОС","ЧАЙ ОТСЛАБВАНЕ филтър х20 БИОПРОГРАМА","20796","72","1.00",""
"00151","АФИА АЙТОС","ХИП 1 COMBIOTIK адапт.мляко 300г.","20833","64","10.21",""
"00151","АФИА АЙТОС","ГЪМ четка за зъби technique soft","20848","80","3.33",""
"00151","АФИА АЙТОС","ВЛ. КЪРПИ BABY BEBELAN СМРАДЛИКА+ЛАЙКА с капак х80","20866","84","1.94",""
"00151","АФИА АЙТОС","А-ДЕРМА дерматологичен сапун с екстракт от Риалба","21054","83","7.54",""
"00151","АФИА АЙТОС","ГЪМ четка за зъби activital soft","21076","80","4.85",""
"00151","АФИА АЙТОС","АЦЦ ЗА ДЕЦА СОЛ 20МГ/МЛ ПЕРОРАЛЕН Р-Р 100МЛ","21657","99","6.85",""
"00151","АФИА АЙТОС","ДИАЛГИН САШЕТА 1000МГ Х 6 ХИМАКС","21780","96","2.46",""
"00151","АФИА АЙТОС","ДОЛОРЕН ТАБЛ. 400МГ Х 12","21854","94","2.55",""
"00151","АФИА АЙТОС","НИЯ САПУН П-В АКНЕ НЕВЕН 60ГР","21884","83","0.69",""
"00151","АФИА АЙТОС","НИЯ САПУН П-В АКНЕ СМРАДЛИКА 60ГР","21885","83","0.69",""
"00151","АФИА АЙТОС","САПУН БИРЕН 70г","21886","83","0.69",""
"00151","АФИА АЙТОС","ЛАКТАНА БИО 2 адпт. мляко 600гр.","21904","65","18.52",""
"00151","АФИА АЙТОС","ЕЛГИДИУМ ПЗ.АНТИПЛАКА 100ml","21972","81","7.68",""
"00151","АФИА АЙТОС","АДАПТ. МЛЯКО АПТАМИЛ AR 400ГР","22022","65","14.15",""
"00151","АФИА АЙТОС","ЧАЙ ФИЛТЪР AHMAD ЧЕРЕН ЧАЙ АНГЛИЙСКА ЗАКУСКА х 20","22072","72","2.95",""
"00151","АФИА АЙТОС","ЧАЙ ФИЛТЪР AHMAD ЧЕРЕН ЧАЙ ЪРЛ ГРЕЙ х 20","22073","72","2.95",""
"00151","АФИА АЙТОС","АПТАМИЛ Premature за недоносени деца 400г","22085","65","14.05",""
"00151","АФИА АЙТОС","АДАПТ. МЛЯКО АПТАМИЛ  БЕЗ ЛАКТОЗА 400ГР","22123","65","11.70",""
"00151","АФИА АЙТОС","ЧАЙ ЧЕРЕН БЪЗ ФИЛТЪР Х16 БИЛЕК","22353","72","1.68",""
"00151","АФИА АЙТОС","АЛМИРАЛ ГЕЛ 1,16% 50ГР","22445","95","5.59",""
"00151","АФИА АЙТОС","АДАПТ. МЛЯКО НАН КОМФОРТИС 1 800Г","22500","65","19.94",""
"00151","АФИА АЙТОС","ЕЛГИДИУМ ЧЗ.Inspiration S","22681","80","5.95",""
"00151","АФИА АЙТОС","ДИАЛГИН КАПКИ 500МГ/МЛ 20 МЛ","22854","96","4.18",""
"00151","АФИА АЙТОС","БОЧКО МОКРИ КЪРПИ ЛАВАНДУЛА Х 64","22865","84","1.20",""
"00151","АФИА АЙТОС","АДАПТ. МЛЯКО НАН 3 400Г","22871","65","11.43",""
"00151","АФИА АЙТОС","ИБУТОП КРЕМ 50ГР","22881","94","5.56",""
"00151","АФИА АЙТОС","ЗЕНАРО ТАБЛ. 5МГ Х 28","22923","100","9.70",""
"00151","АФИА АЙТОС","ЧАЙ ЛАЙКА ФИЛТЪР Х16 БИЛЕК","22966","72","1.61",""
"00151","АФИА АЙТОС","ЧАЙ МЕЧО ГРОЗДЕ ФИЛТЪР Х16 БИЛЕК","22967","72","1.61",""
"00151","АФИА АЙТОС","ТЕО БЕБЕ сапун лавандула 75гр","23016","83","0.86",""
"00151","АФИА АЙТОС","АДАПТ. МЛЯКО ФРИЗОЛАК ПЕП АС 400ГР","23483","65","15.13",""
"00151","АФИА АЙТОС","ВЛ. КЪРПИ BABY BEBELAN ЛАЙКА+АЛОЕ с капак х25","23700","84","0.61",""
"00151","АФИА АЙТОС","ВЛ. КЪРПИ BABY BEBELAN СМРАДЛИКА+ЛАЙКА с капак х25","23701","84","0.61",""
"00151","АФИА АЙТОС","ХИМАЛАЯ САПУН С НИЙМ И КУРКУМА 75ГР","23777","83","0.99",""
"00151","АФИА АЙТОС","ВЛ. КЪРПИ BABY BEBELAN НЕВЕН +ЛАЙКА с капак х80","24142","84","1.94",""
"00151","АФИА АЙТОС","ДАВ сапун кокос 100g","24213","83","1.31",""
"00151","АФИА АЙТОС","ЧАЙ ФИЛТЪР AHMAD РОЙБОС/КАНЕЛАх 20","24333","72","2.71",""
"00151","АФИА АЙТОС","ШАМПОАН ХИНИН 500мл.","24460","82","2.66",""
"00151","АФИА АЙТОС","СТРЕПСИЛС ИНТЕНЗИВ спрей 8.75 mg/dose 15мл","24723","98","8.06",""
"00151","АФИА АЙТОС","ЕКЗОДЕРИЛ 1%  СОЛ. 20МЛ","25011","90","12.26",""
"00151","АФИА АЙТОС","САПУН АЛОЕ ВЕРА 60г.","25161","83","0.69",""
"00151","АФИА АЙТОС","НИЯ САПУН С КОПРИВА 60ГР.","25164","83","0.69",""
"00151","АФИА АЙТОС","НИЯ САПУН С НЕВЕН 60ГР.","25165","83","0.69",""
"00151","АФИА АЙТОС","АЦЕЦИС САШЕТА 200МГ Х 20","25316","99","5.10",""
"00151","АФИА АЙТОС","ЕЛГИДИУМ ПЗ.ДЕТСКА банан 2-6г 50ml","25335","81","5.09",""
"00151","АФИА АЙТОС","НИЯ САПУН СЪС СМРАДЛИКА 60ГР","25467","83","0.69",""
"00151","АФИА АЙТОС","АДАПТ. МЛЯКО ФРИЗО 4 400ГР","25541","65","8.63",""
"00151","АФИА АЙТОС","ЧАЙ МЕНТА ФИЛТЪР Х16 БИЛЕК","25623","72","1.61",""
"00151","АФИА АЙТОС","ЕЛГИДИУМ ПЗ.ИЗБЕЛВАЩА 75ml лимон","25713","81","7.21",""
"00151","АФИА АЙТОС","ЧАЙ ФИЛТЪР AHMAD ЧЕРЕН ЧАЙ ЦЕЙЛОН х 20","26073","72","2.95",""
"00151","АФИА АЙТОС","ЧАЙ ФИЛТЪР AHMAD ПЛОДОВ ПРАСКОВА/МАРАКУЯ  х 20","26074","72","2.95",""
"00151","АФИА АЙТОС","ЧАЙ ФИЛТЪР AHMAD ПЛОДОВ СЕЛЕКЦИЯ  х 20","26077","72","2.96",""
"00151","АФИА АЙТОС","АЦЕСАЛ ПРОТЕКТ 100МГ ТАБЛ. Х 40","26085","96","2.96","2.37"
"00151","АФИА АЙТОС","АДАПТ. МЛЯКО НАН ОПТИПРО 2 800Г","26094","65","20.34",""
"00151","АФИА АЙТОС","ЗЕРОТРОМБ ТАБЛ. 100МГ Х 30","26128","96","2.49",""
"00151","АФИА АЙТОС","АЦЦ ЕФ.ТАБЛ. 600МГ Х 10","26148","99","8.64","6.91"
"00151","АФИА АЙТОС","АКВАФРЕШ паста за зъби intense clean deep action 75 ml","26197","81","3.52","2.64"
"00151","АФИА АЙТОС","АКВАФРЕШ паста за зъби intense whitening 75 ml","26198","81","3.52","2.64"
"00151","АФИА АЙТОС","ПАРОДОНТАКС паста за зъби ultra clean 75 ml","26199","81","5.46",""
"00151","АФИА АЙТОС","НУРОФЕН СУСП. за юноши ягода 200 mg/5ml 100мл","26244","94","5.87",""
"00151","АФИА АЙТОС","ПАНАКТИВ СУСП. 100МГ/5МЛ 120МЛ","26363","94","3.57",""
"00151","АФИА АЙТОС","ХИМАЛАЯ САПУН  с краставица 75гр","26570","83","1.12",""
"00151","АФИА АЙТОС","АДАПТ. МЛЯКО НАН 3 800г","26639","65","19.42",""
"00151","АФИА АЙТОС","САПУН Докторски","26689","83","1.35",""
"00151","АФИА АЙТОС","ВЛ. КЪРПИ LARA x 120 бр. лайка","26780","84","1.52",""
"00151","АФИА АЙТОС","ВЛ. КЪРПИ LARA x 120 бр. гербер","26781","84","1.52",""
"00151","АФИА АЙТОС","ВЛ. КЪРПИ LARA x 120 бр. алое","26782","84","1.52",""
"00151","АФИА АЙТОС","ЛАКТАНА БИО 3 адпт. мляко 600гр.","26955","65","15.64",""
"00151","АФИА АЙТОС","ЧАЙ ЦЯР за пречистване на кръвта  Х30","27072","72","3.39",""
"00151","АФИА АЙТОС","ЧАЙ ЦЯРЪ ДИАБЕТИЦИ Х30","27159","72","3.39",""
"00151","АФИА АЙТОС","ИБУРАПИД 400МГ ТАБЛ. Х 10","27217","94","3.95",""
"00151","АФИА АЙТОС","АЗПИЗАЛ ТАБЛ. 325МГ Х 100","27261","96","2.58",""
"00151","АФИА АЙТОС","ЛАКАЛУТ ПЗ. АКТИВ 75ml + ЧЕТКA","27410","81","3.87",""
"00151","АФИА АЙТОС","ХИМАЛАЯ САПУН С МЕД И МЛЯКО 75ГР","27450","83","1.12",""
"00151","АФИА АЙТОС","НУРОФЕН СУСП. за юноши портокал 200 mg/5ml  100мл","27521","94","6.26",""
"00151","АФИА АЙТОС","ВЛ. КЪРПИ LARA x 120 бр. лавандула","27579","84","1.52",""
"00151","АФИА АЙТОС","ПЗ.БИЛКА дент хималайска сол","27618","81","2.22",""
"00151","АФИА АЙТОС","БИОРИПЕЪР пз Junior 6-12 mint 75 ml","27642","81","3.47",""
"00151","АФИА АЙТОС","ДИАЛГИН САШЕТА 500mg x 6","27974","96","2.36",""
"00151","АФИА АЙТОС","ВЛ. КЪРПИ LARA x 120 бр.фамилни + роза","28195","84","1.52",""
"00151","АФИА АЙТОС","ПЗ.БИЛКА дент хомеопатична дж.+лайм","28291","81","2.51",""
"00151","АФИА АЙТОС","ПЗ.БИЛКА дент хомеопатична мастиха","28292","81","2.51",""
"00151","АФИА АЙТОС","ЧАЙ ЦЯР при подагра Х30","28410","72","3.39",""
"00151","АФИА АЙТОС","ЧАЙ ЦЯР простатит  Х30","28411","72","3.39",""
"00151","АФИА АЙТОС","ЕКЗОДЕРИЛ 1%  КРЕМ 30ГР","28444","90","9.65",""
"00151","АФИА АЙТОС","АСПИРИН УЛТРА ТАБЛ. 500МГ Х 20","28454","96","4.72",""
"00151","АФИА АЙТОС","АСПИРИН УЛТРА ТАБЛ. 500МГ Х 8","28455","96","1.84",""
"00151","АФИА АЙТОС","ЧАЙ ФИТОЛЕК ЕХИНАЦЕЯ Х20","28467","72","2.00",""
"00151","АФИА АЙТОС","ХИМАЛАЯ САПУН С БАДЕМ 75ГР","28496","83","1.12",""
"00151","АФИА АЙТОС","ДЖОНСЪН шампоан лайка 300ml","28660","82","4.49",""
"00151","АФИА АЙТОС","СТРЕПСИЛС ИНТЕНЗИВ tabl. x 24","28694","98","8.06",""
"00151","АФИА АЙТОС","АДАПТ. МЛЯКО АПТАМИЛ ADC 400ГР","28964","65","14.57",""
"00151","АФИА АЙТОС","АЛМИРАЛ ГЕЛ 1,16% 250Г","28978","95","14.46",""
"00151","АФИА АЙТОС","ВЛ. КЪРПИ LARA x 120 бр.фамилни цитрус","29121","84","1.52",""
"00151","АФИА АЙТОС","ВЛ. КЪРПИ LARA x 120 бр. премиум","29122","84","1.52",""
"00151","АФИА АЙТОС","ИБУЛЕК 600МГ САШЕТА Х 10","29538","94","7.32",""
"00151","АФИА АЙТОС","АСТЕРА PARODONT STOP п.за зъби 75мл.","29847","81","3.21",""
"00151","АФИА АЙТОС","ВОЛТАРЕН ФОРТЕ ГЕЛ 2,32% 150ГР","29938","95","18.40","14.72"
"00151","АФИА АЙТОС","СЕНСОДИН паста за зъби RAPID RELIEF 75ml","30004","81","7.76",""
"00151","АФИА АЙТОС","БИОРИПЕЪР ПЗ PRO WHITE 75ml","30290","81","4.55",""
"00151","АФИА АЙТОС","ЧАЙ ЛИПА ФИЛТЪР Х16 БИЛЕК","30398","72","1.61",""
"00151","АФИА АЙТОС","АКАРД ТАБЛ. 75МГ Х 30","30443","96","2.25",""
"00151","АФИА АЙТОС","ЕЛГИДИУМ ПЗ.АНТИПЛАКА  50мл","30480","81","5.09",""
"00151","АФИА АЙТОС","СЛЪНЧО КАША 4мес. БАНАНОВА МЛЕЧНА безглутенова 200г.","30687","63","2.50",""
"00151","АФИА АЙТОС","ИБУЛЕК 400МГ САШЕТА Х 10","30698","94","5.85",""
"00151","АФИА АЙТОС","СЛЪНЧО КАША 6мес. БИСКВИТЕНО БАНАНОВА млечна 200г.","30699","63","2.65",""
"00151","АФИА АЙТОС","ЧАЙ ФИЛТЪР AHMAD ЧЕРЕН ЧАЙ АНГЛИЙСКИ X20","30753","72","2.95",""
"00151","АФИА АЙТОС","АНГАЛ МЕНТОЛ СПРЕЙ 2МГ/МЛ+0,5МГ/МЛ 30МЛ","30922","98","9.74",""
"00151","АФИА АЙТОС","АНГАЛ МЕНТОЛ ТАБЛ. ЗА СМУЧЕНЕ 5МГ/1МГ Х 24","30923","98","7.45",""
"00151","АФИА АЙТОС","БИОТРЕЙД  ПЮЪР СКИН ЧЕРЕН ДЕТОКС САПУН 100ГР","31073","83","6.45",""
"00151","АФИА АЙТОС","СЕНСОДИН четка за зъби gentle care soft","31111","80","4.89",""
"00151","АФИА АЙТОС","АЦЦ ДИРЕКТ ПРАХ 600МГ Х 10","31211","99","8.69","6.95"
"00151","АФИА АЙТОС","ВЛ. КЪРПИ LARA x 15 бр. VINTAGE MIX","31213","84","0.26",""
"00151","АФИА АЙТОС","АЛМИРАЛ ГЕЛ 1,16% 100Г","31255","95","7.60",""
"00151","АФИА АЙТОС","КСИВОЗАН ТАБЛ. 5МГ Х 10","31346","100","5.21",""
"00151","АФИА АЙТОС","ОВКО пюре сладък картоф 4+м, 100гр","31432","64","1.02",""
"00151","АФИА АЙТОС","ОВКО пюре манго с банани 4 м, 190 гр","31433","64","1.14",""
"00151","АФИА АЙТОС","ОВКО пюре ябълки и моркови 4м, 190гр","31436","64","0.96",""
"00151","АФИА АЙТОС","ОВКО пюре банан 4м, 190гр","31438","64","1.10",""
"00151","АФИА АЙТОС","ОВКО пюре манго 4м, 190 гр","31440","64","1.04",""
"00151","АФИА АЙТОС","ОВКО пюре сливи 4м , 190 гр","31441","64","1.10",""
"00151","АФИА АЙТОС","ОВКО пюре ябълки и праскови 4м, 190 гр","31442","64","1.15",""
"00151","АФИА АЙТОС","ОВКО пюре ябълки, кайсии, моркови 4м, 190 гр","31443","64","1.02",""
"00151","АФИА АЙТОС","ОВКО пюре ябълки, банани и праскови 4м, 190 гр","31444","64","1.10",""
"00151","АФИА АЙТОС","ОВКО  асорти градински плод 5м, 190 гр","31452","64","1.07",""
"00151","АФИА АЙТОС","ОВКО пюре тиква с ябълки и моркови 4м, 190гр","31454","64","0.99",""
"00151","АФИА АЙТОС","ОВКО пюре тиквички с картофи 4м, 190гр","31457","64","1.04",""
"00151","АФИА АЙТОС","ОВКО мл.каша ябълки и сливи с елда 5м, 190гр","31458","63","1.04",""
"00151","АФИА АЙТОС","ОВКО мл.каша ябълки, кайсии и овесени ядки 4м, 190гр","31462","63","1.14",""
"00151","АФИА АЙТОС","ОВКО мл.каша банан, ябълка и бисквити 4м, 190гр","31463","63","1.14",""
"00151","АФИА АЙТОС","ОВКО мл.каша ябълки,круши и бисквити 4м, 190гр","31464","63","1.14",""
"00151","АФИА АЙТОС","ОВКО пюре пуешко със зеленчуци 6м, 190гр","31465","64","1.21",""
"00151","АФИА АЙТОС","ОВКО пюре фин заек и пиле със зеленчуци 6м, 190гр","31467","63","1.53",""
"00151","АФИА АЙТОС","ОВКО пюре асорти със зеленчуци 4м, 190гр","31468","64","1.02",""
"00151","АФИА АЙТОС","ОВКО пюре зеленчукова супа с пиле и ориз 6м, 190гр","31469","64","1.26",""
"00151","АФИА АЙТОС","КЕТОНАЛ КАПС. 50МГ Х 20","31632","94","6.64",""
"00151","АФИА АЙТОС","ЛАКАЛУТ ПЗ. АНТИ КАРИЕС 75МЛ","32022","81","3.87","2.90"
"00151","АФИА АЙТОС","НУРОФЕН 7+ за юноши портокал 100мг  дъвч.капс. х 12","32268","94","5.76",""
"00151","АФИА АЙТОС","АКАРД ТАБЛ. 150МГ Х 30","32390","96","3.37",""
"00151","АФИА АЙТОС","АКВАФРЕШ паста за зъби fresh&minty  зелена 75ml","32655","81","2.03","1.62"
"00151","АФИА АЙТОС","МИГ ДЖУНИЪР СИРОП 40МГ/МЛ 100МЛ","32757","94","4.73",""
"00151","АФИА АЙТОС","АСТЕРА PARODONT ACTIVE ПОМОРИЙСКА ЛУГА п.за зъби 75мл.","32815","81","3.38",""
"00151","АФИА АЙТОС","ИБУПРОМ НАСТИНКА И ГРИП ЗА ДЕЦА ТАБЛ. 200МГ Х 10","32962","94","3.34",""
"00151","АФИА АЙТОС","АСТЕРА PARODONT ACTIVE АКТИВЕН ВЪГЛЕН п.за зъби 75мл.","32993","81","3.21",""
"00151","АФИА АЙТОС","БИОРИПЕЪР ЧЗ SOFT","33066","80","2.61",""
"00151","АФИА АЙТОС","АНАЛГИН МАКС САШЕ 1000МГ Х 6","33172","96","2.99","2.54"
"00151","АФИА АЙТОС","ХИП 1 COMBIOTIK адапт.мляко 800г.","33377","65","23.36",""
"00151","АФИА АЙТОС","ЕЛГИДИУМ ПЗ.мултифункционална 75ml","33411","81","7.21",""
"00151","АФИА АЙТОС","ЕЛГИДИУМ ПЗ. perioblock  care 75ml","33412","81","7.68",""
"00151","АФИА АЙТОС","ЕЛГИДИУМ ПЗ.успокояваща за раздразнени венци 75ml","33413","81","7.21",""
"00151","АФИА АЙТОС","ЛАКАЛУТ ПЗ. АКТИВ & УАЙТ С ЕНЗИМИ 75МЛ","33500","81","4.89",""
"00151","АФИА АЙТОС","ОВКО пюре зеленчуково 4м , 190 гр","33649","64","1.05",""
"00151","АФИА АЙТОС","НУРОФЕН лечебен пластир 200mg 2 броя","33678","94","7.40",""
"00151","АФИА АЙТОС","ИБУПРОМ СПРИНТ МАКС КАПС. 400МГ Х 10","33711","94","4.77",""
"00151","АФИА АЙТОС","ГЛИМБАКС 0.148 % СПРЕЙ 15ml","33779","95","10.35",""
"00151","АФИА АЙТОС","ПАРОДОНТАКС паста за зъби herbal 75ml","33794","81","5.46",""
"00151","АФИА АЙТОС","ПАРОДОНТАКС паста за зъби complete protection  white75ml","33795","81","6.58","4.74"
"00151","АФИА АЙТОС","ЗЕОЛИТ САПУН 100г.","33945","83","1.77",""
"00151","АФИА АЙТОС","ЕЛГИДИУМ ПЗ.ДЕТСКА сладка мента 7-12г 50ml","33996","81","5.29",""
"00151","АФИА АЙТОС","ХИП 2 COMBIOTIK адапт.мляко 800г.","34235","65","23.36",""
"00151","АФИА АЙТОС","ЧАЙ БЪЗ ЦВЯТ И ЛИМОН  филтър х20 БЧК","34436","72","1.12",""
"00151","АФИА АЙТОС","ВИТАСИН САПУН с Гераниево масло 70г.","34531","83","1.19",""
"00151","АФИА АЙТОС","АНАЛГИН МАКС САШЕ 1000МГ Х 20","34552","96","7.99","6.79"
"00151","АФИА АЙТОС","АПТАМИЛ Comfort 1  Pro Exp 0-6м. 400г","34575","65","13.49",""
"00151","АФИА АЙТОС","ЕЛГИДИУМ ПЗ.разкриваща плаката 50ml","34576","81","7.06",""
"00151","АФИА АЙТОС","ЧАЙ ЖЪЛТ КАНТАРИОН ФИЛТЪР Х16","34589","72","1.34",""
"00151","АФИА АЙТОС","АКВАФРЕШ паста за зъби ACTIVE WHITE 125ml","34623","81","2.69",""
"00151","АФИА АЙТОС","АКВАФРЕШ паста за зъби деца 9-12 75ml","34624","81","3.52",""
"00151","АФИА АЙТОС","ЧАЙ ФИЛТЪР AHMAD ЧЕРЕН ЧАЙ СПАЙС X20","34630","72","2.95",""
"00151","АФИА АЙТОС","АПТАМИЛ Comfort 2  Pro Exp 6+м. 400г","34632","65","13.44",""
"00151","АФИА АЙТОС","АДАПТ. МЛЯКО ФРИЗОЛАК LF 400ГР","34712","65","11.35",""
"00151","АФИА АЙТОС","ИБУПРОМ СПРИНТ 200МГ Х10","34772","94","3.92",""
"00151","АФИА АЙТОС","СТРЕПСИЛС ИНТЕНЗИВ ПОРТОКАЛ таблетки*16","34866","98","5.73",""
"00151","АФИА АЙТОС","ЧАЙ ЖЪЛТ КАНТАРИОН филтър х 20 БИОПРОГРАМА","34909","72","0.90",""
"00151","АФИА АЙТОС","ПАНАКТИВ ФОРТЕ СУСП. 200МГ/5МЛ 40МЛ","35058","94","2.83",""
"00151","АФИА АЙТОС","БЕНАЛГИН РАПИД ПРАХ ЗА ПЕРОР.Р-Р САШЕ Х 10","35202","96","3.92",""
"00151","АФИА АЙТОС","ЛАКАЛУТ ПЗ.СЕНЗИТИВ & УАЙТ С ЕНЗИМИ 75 МЛ.","35216","81","4.89",""
"00151","АФИА АЙТОС","СЕНСОДИН паста за зъби sensivity and gum 75ml","35268","81","7.76",""
"00151","АФИА АЙТОС","КЕТОНАЛ ИНТЕНЗИВ САШЕ 50МГ Х 12","35306","94","7.66",""
"00151","АФИА АЙТОС","ПЗ ПОМОРИН АКТИВ ПАРОДОНТИТ","35426","81","1.77",""
"00151","АФИА АЙТОС","ЧАЙ ФИЛТЪР AHMAD ХРАНОСМИЛАНЕ","35651","72","2.85",""
"00151","АФИА АЙТОС","ЧАЙ ФИЛТЪР AHMAD СЪН","35652","72","2.85",""
"00151","АФИА АЙТОС","ЕНТЕРОЛ прахчета 250мг.*20","35681","89","13.28",""
"00151","АФИА АЙТОС","АКВАФРЕШ паста за зъби splash деца 3-8 г.","35790","81","3.52",""
"00151","АФИА АЙТОС","АДАПТ. МЛЯКО АПТАМИЛ AR2 400ГР","35818","65","13.76",""
"00151","АФИА АЙТОС","ЕНТЕРОЛ КАПС. 250МГ Х 12","35837","89","6.94",""
"00151","АФИА АЙТОС","АРОМА САПУН АНТИБАКТЕРИАЛЕН ВЪГЛЕН 90г./ЧИСТО/","35860","83","1.07",""
"00151","АФИА АЙТОС","ФАРИНГОСЕПТ ТАБЛ. ЗА СМУЧЕНЕ 8,75МГ Х 20","35935","98","4.33",""
"00151","АФИА АЙТОС","ДИАЛГИН КИДС КАПКИ 500МГ/МЛ 20МЛ","36126","96","4.68",""
"00151","АФИА АЙТОС","СЛЪНЧО КАША 4мес. ЗЪРНИН М млечна 200г.","36180","63","2.50",""
"00151","АФИА АЙТОС","СЛЪНЧО КАША 4мес. ПШЕНИЧНО МЛЕЧНА 200г.","36181","63","2.56",""
"00151","АФИА АЙТОС","СЛЪНЧО КАША 4мес. СЛАДЪК СЪН ОРИЗ МЛЕЧНА безглутенова 200г.","36182","63","2.80",""
"00151","АФИА АЙТОС","ЛАРА САПУН 375 МЛ. КОКОС","36287","83","1.38",""
"00151","АФИА АЙТОС","ДАВ сапун РОЗОВ 100g","36301","83","1.31",""
"00151","АФИА АЙТОС","СЕНСОДИН четка за зъби advanced clean soft","36368","80","4.89",""
"00151","АФИА АЙТОС","Сапун КРИСПА ЧИСТ ГЛИЦЕРИН+НАР 100ГР","36369","83","1.21",""
"00151","АФИА АЙТОС","ТЕО БЕБЕ ВЛ.КЪРПИ SENSITIVE 72бр С КАПАК","36475","84","1.56",""
"00151","АФИА АЙТОС","ЕЛГИДИУМ ПЗ.SENSILEAVE 50 ml","36507","81","7.31",""
"00151","АФИА АЙТОС","АДАПТ. МЛЯКО НАН КОМФОРТИС 2 800Г","36547","65","19.94",""
"00151","АФИА АЙТОС","ОКЛИС ФОРТЕ САШЕ 600МГ Х 10","36596","94","6.47",""
"00151","АФИА АЙТОС","ВЛ. КЪРПИ BABY BEBELAN Сребърна вода х 60","36992","84","1.94",""
"00151","АФИА АЙТОС","ХИП 3 COMBIOTIK адапт.мляко 500г.","37010","65","12.82",""
"00151","АФИА АЙТОС","ИБУЛЕК ЗА ДЕЦА СУСП. 100МГ/5МЛ 120МЛ","37116","94","4.06",""
"00151","АФИА АЙТОС","СТРЕПСИЛС ИНТЕНЗИВ МЕД И ЛИМОН спрей 8.75 mg/dose 15мл","37130","98","8.06",""
"00151","АФИА АЙТОС","ЧАЙ ЛАЙКА,МЕД И ВАНИЛИЯ  филтър х20 БЧК","37136","72","1.20",""
"00151","АФИА АЙТОС","ЕНТЕРОЛ caps.250mg x 30","37242","89","15.24",""
"00151","АФИА АЙТОС","МУКОСОФТ САШЕТА 600МГ Х 10 АДИФАРМ","37406","99","6.12",""
"00151","АФИА АЙТОС","АНГЕТОП ТАБЛ. 500МГ Х 20","37425","96","1.13",""
"00151","АФИА АЙТОС","Омалгин, Omalgin перорални капки 500 мг/мл 20 мл","37663","96","3.37",""
"00151","АФИА АЙТОС","ЕЛГИДИУМ ПЗ. perioblock pro 50ml","37664","81","7.68",""
"00151","АФИА АЙТОС","ФЛУРБИМЕД МИНТ ТАБЛ. ЗА СМУЧЕНЕ 8,75МГ Х 20","37763","98","5.01",""
"00151","АФИА АЙТОС","ПАРОДОНТАКС четка за зъби COMPLETE PROTECTION SOFT","37832","80","6.58","4.94"
"00151","АФИА АЙТОС","ПЗ ПОМОРИН КЛАСИК","37897","81","1.29",""
"00151","АФИА АЙТОС","ПЗ ПОМОРИН АНТИПАРОДОНТИТ","37898","81","1.29",""
"00151","АФИА АЙТОС","ЕНТЕРОЛ прахчета 250мг*6","37915","89","4.54",""
"00151","АФИА АЙТОС","АЦЦ МЕД И ЛИМОН 600МГ САШЕТА Х 10","37930","99","8.69",""
"00151","АФИА АЙТОС","АКАРД тбл.75мг.х120","37940","96","8.06",""
"00151","АФИА АЙТОС","ПЗ.БИЛКА дент пародонт избелваща  75ml","37943","81","2.36",""
"00151","АФИА АЙТОС","НОВАЛАК 1 адапт.мляко кърмач.400гр/0-6м/","38153","65","10.21",""
"00151","АФИА АЙТОС","НОВАЛАК 2 адапт.мляк кърмач.400гр/6-12м/","38154","65","10.12",""
"00151","АФИА АЙТОС","НОВАЛАК 3 адапт.мляко преход.400гр/1-3г/","38155","65","9.85",""
"00151","АФИА АЙТОС","НОВАЛАК AC адапт.мляко колики400г/0-12м/","38156","65","13.12",""
"00151","АФИА АЙТОС","НОВАЛАК AR адапт.мл повръщане400г/0-12м/","38157","65","11.71",""
"00151","АФИА АЙТОС","НОВАЛАК IT адапт.мл при запек400г/0-12м/","38158","65","12.04",""
"00151","АФИА АЙТОС","МИЛОРОФЕН тбл.200мг.х10","38294","94","1.98",""
"00151","АФИА АЙТОС","ДИКЛОФЛЕКС гел 5% 50г.","38325","95","4.89",""
"00151","АФИА АЙТОС","АПИВИТА Шампоан за честа употреба 500мл","38464","82","15.61",""
"00151","АФИА АЙТОС","ЧАЙ Вечерен /лайка , копър , валериана/ 17 пак Yogi Tea","38478","72","4.06",""
"00151","АФИА АЙТОС","ПАРОДОНТАКС паста за зъби DUO  PACK CLASSIC 2x75ml","38619","81","6.19",""
"00151","АФИА АЙТОС","НУРОФЕН ЕКСПРЕС ФОРТЕ 400mg меки капсули *20","38658","94","9.69",""
"00151","АФИА АЙТОС","МУСТЕЛА сапун с колд крем 100г","38694","83","4.05",""
"00151","АФИА АЙТОС","ЛАКАЛУТ ПЗ. АКТИВ & СЕНЗИТИВ ПАСТА 75 МЛ","38744","81","4.89",""
"00151","АФИА АЙТОС","NATURE ROSES сапун 75 гр","38969","83","0.77",""
"00151","АФИА АЙТОС","NATURE ROSES сапун 75 гр бял","38970","83","0.77",""
"00151","АФИА АЙТОС","АЛЕРГОЗАН 1% КРЕМ 1Г/100ГР 60Г","39040","91","7.65",""
"00151","АФИА АЙТОС","ПАНАКТИВ BABY супоз.60мг.х5","39186","94","2.45",""
"00151","АФИА АЙТОС","ПАНАКТИВ BABY супоз.125мг.х5","39187","94","2.77",""
"00151","АФИА АЙТОС","ПСИЛО-БАЛСАМ ГЕЛ 50ГР","39352","91","8.12",""
"00151","АФИА АЙТОС","АКВАФРЕШ паста за зъби fresh&minty 50ml","39361","81","1.89","1.51"
"00151","АФИА АЙТОС","АКВАФРЕШ паста за зъби M&M  125мл","39363","81","2.30",""
"00151","АФИА АЙТОС","АКВАФРЕШ паста за зъби ACTIVE FRESH 125ml","39364","81","2.69",""
"00151","АФИА АЙТОС","КУРАПРОКС ПЗ Enzycal Zero 75мл","39624","81","6.43",""
"00151","АФИА АЙТОС","КУРАПРОКС ПЗ Enzycal 950 75мл","39625","81","6.43",""
"00151","АФИА АЙТОС","КУРАПРОКС ПЗ Enzycal 1450 75мл","39626","81","7.15",""
"00151","АФИА АЙТОС","КУРАПРОКС ПЗ [BE YOU] Daydreamer 60 МЛ","39627","81","12.26",""
"00151","АФИА АЙТОС","КУРАПРОКС ПЗ [BE YOU] Pure happiness  60 МЛ","39628","81","12.26",""
"00151","АФИА АЙТОС","КУРАПРОКС ПЗ [BE YOU] Explore 60 МЛ","39629","81","12.26",""
"00151","АФИА АЙТОС","КУРАПРОКС ПЗ [BE YOU] Candy lover 60 МЛ","39630","81","12.26",""
"00151","АФИА АЙТОС","ЮРИАЖ 1ER BEBE почистващ крем-сапун 100гр.","39661","83","6.69",""
"00151","АФИА АЙТОС","ВЛ.КЪРПИ EVENT антибакт. алое x15","39743","84","0.40",""
"00151","АФИА АЙТОС","ВЛ.КЪРПИ EVENT антибакт. невен x15","39744","84","0.40",""
"00151","АФИА АЙТОС","ВЛ.КЪРПИ EVENT антибакт. лавандула x15","39745","84","0.40",""
"00151","АФИА АЙТОС","ВЛ.КЪРПИ EVENT антибакт. мандарина x15","39746","84","0.40",""
"00151","АФИА АЙТОС","ВЛ.КЪРПИ EVENT антибакт. 20% алкохол x15","39747","84","0.49",""
"00151","АФИА АЙТОС","КУРАПРОКС ПЗ [BE YOU] Challenger  60 МЛ","39837","81","12.26",""
"00151","АФИА АЙТОС","ВЛ.КЪРПИ PUFIES WW SENSITIVE с капак 64 бр","40048","84","1.94",""
"00151","АФИА АЙТОС","КЕТАЛГО 50МГ ГРАНУЛИ ЗА ПЕРОРАЛЕН Р-Р В САШЕ Х 6","40084","94","4.35",""
"00151","АФИА АЙТОС","ОВКО пюре картофи с тиква 4м 190гр","40114","64","1.02",""
"00151","АФИА АЙТОС","ОВКО меню спагети болонезе 8м+ 220 гр","40115","64","1.48",""
"00151","АФИА АЙТОС","СЛЪНЧО КАША 6мес. БИСКВИТЕНА млечна с бифидус  200г.","40116","63","2.50",""
"00151","АФИА АЙТОС","СЛЪНЧО КАША 6мес. млечна ЕЛДА с плодове 200г.","40117","63","2.61",""
"00151","АФИА АЙТОС","ХИП 1 COMBIOTIK адапт.мляко 350г.","40138","65","11.35",""
"00151","АФИА АЙТОС","ВЛ.КЪРПИ EVENT антибакт. алое x72","40242","84","1.53",""
"00151","АФИА АЙТОС","ВЛ.КЪРПИ EVENT антибакт. мандарина x72","40243","84","1.53",""
"00151","АФИА АЙТОС","ВЛ.КЪРПИ EVENT антибакт. 20% алкохол x60","40244","84","1.64",""
"00151","АФИА АЙТОС","КУРАПРОКС ПЗ [BE YOU] Rising Star 60 МЛ","40279","81","12.26",""
"00151","АФИА АЙТОС","АГИВА вл. интимни кърпи","40508","84","0.79",""
"00151","АФИА АЙТОС","НИЗОРАЛ ШАМПОАН 2% 100МЛ","40549","90","13.69",""
"00151","АФИА АЙТОС","ВЛ. КЪРПИ PAMPERS sensitive х 52","40636","84","1.53",""
"00151","АФИА АЙТОС","ФЕЛОРАН ФОРТЕ ГЕЛ 5% 120 ГР СФ","40745","95","8.43","7.17"
"00151","АФИА АЙТОС","СЕНСОДИН паста за зъби Natural White с активен въглен","40897","81","5.50","3.85"
"00151","АФИА АЙТОС","БОЧКО ВЛАЖНИ КЪРПИ ПАМУК И ЛАЙКА КАПАК Х 84","40932","84","1.67",""
"00151","АФИА АЙТОС","ХИП АНТИРЕФЛУКС адапт .мляко 600 гр","41012","65","17.61",""
"00151","АФИА АЙТОС","ЕЛГИДИУМ ПЗ.ИЗБЕЛВАЩА 50ml","41029","81","5.47",""
"00151","АФИА АЙТОС","ЛОПЕРАМИД ЕКОФАРМ тбл.2мг.х10","41152","89","2.70",""
"00151","АФИА АЙТОС","ФЕЛОРАН гел 1% - 120g  Софарма","41160","95","7.58","6.44"
"00151","АФИА АЙТОС","АКВАФРЕШ паста за зъби naturals mint clean","41284","81","2.30",""
"00151","АФИА АЙТОС","ЧАЙ ФИТОЛЕК ДЕТОКС Х20","41531","72","2.00",""
"00151","АФИА АЙТОС","КУРАПРОКС чз CS1560 soft ПРОМО","41636","80","5.50",""
"00151","АФИА АЙТОС","КСИЗАЛ 0,5МГ/МЛ СИРОП 200МЛ Х 11","41828","100","5.52",""
"00151","АФИА АЙТОС","ЕЛГИДИУМ ПЗ.ИЗБЕЛВАЩА 100ml  BIO","41852","81","9.20",""
"00151","АФИА АЙТОС","ЕЛГИДИУМ ПЗ.СЕНЗИТИВ 100ml BIO","41853","81","8.68",""
"00151","АФИА АЙТОС","АНГАЛ МЕД ТАБЛ. ЗА СМУЧЕНЕ 5МГ/1МГ Х 24","41925","98","7.45",""
"00151","АФИА АЙТОС","АНГАЛ ЯГОДА ЗА ДЕЦА ТАБЛ. ЗА СМУЧЕНЕ 5МГ/1МГ Х 24","41926","98","7.45",""
"00151","АФИА АЙТОС","АПТАМИЛ 4 400г ПРОНУТРА","41999","65","10.01",""
"00151","АФИА АЙТОС","НУРОФЕН ФОРТЕ ТАБЛ.400МГ Х 24","42236","94","8.17",""
"00151","АФИА АЙТОС","СЛЪНЧО КАША 4мес. ОРИЗОВА безмлечна 180 г","42328","63","2.37",""
"00151","АФИА АЙТОС","БОЧКО ВЛАЖНИ КЪРПИ ПАМУК И ЛАВАНДУЛА КАПАК Х 84","42347","84","1.67",""
"00151","АФИА АЙТОС","АПТАМИЛ 1 800г ПРОНУТРА","42367","65","21.16",""
"00151","АФИА АЙТОС","ЛАКС сол.7.5мг/мл.20мл.","42429","88","4.17",""
"00151","АФИА АЙТОС","ДРОПЛЕКС 4Г/100Г+1Г/100Г КАПКИ ЗА УШИ Р-Р 15МЛ Х 1","42480","101","4.09",""
"00151","АФИА АЙТОС","СЛЪНЧО КАША 6мес. ОРИЗОВО МЛЕЧНА С МАНГО,ЯБЪЛКА И БАНАН 200г","42486","63","2.47",""
"00151","АФИА АЙТОС","ЛАКАЛУТ ПЗ СЕНЗИТИВ ПАСТА 75 МЛ","42491","81","3.87","2.90"
"00151","АФИА АЙТОС","АПТАМИЛ 2 800г ПРОНУТРА","42492","65","21.16",""
"00151","АФИА АЙТОС","Сапун КРИСПА БЕБЕ 100 гр","42533","83","0.72",""
"00151","АФИА АЙТОС","АПТАМИЛ 3 400г ПРОНУТРА","42534","65","10.01",""
"00151","АФИА АЙТОС","АВЕН XERACALM A.D.СВРЪХОБОГАТЕН САПУН 100г AV","42576","83","9.03","6.59"
"00151","АФИА АЙТОС","АПТАМИЛ 2 400г ПРОНУТРА","42697","65","10.68",""
"00151","АФИА АЙТОС","БЕБО ВЛ. КЪРПИЧКИ АЛОЕ ВЕРА 72бр с капак","42708","84","1.57",""
"00151","АФИА АЙТОС","БЕБО ВЛ. КЪРПИЧКИ ЛАЙКА  72бр с капак","42709","84","1.57",""
"00151","АФИА АЙТОС","БЕБО ВЛ. КЪРПИЧКИ ЛАВАНДУЛА  90бр с капак","42710","84","1.83",""
"00151","АФИА АЙТОС","БЕБО ВЛ.КЪРПИЧКИ SENSITIVE 80бр. С НОВ РИДЖИТ","42711","84","1.72",""
"00151","АФИА АЙТОС","БОЧКО МОКРИ КЪРПИ ПАМУК И СМРАДЛИКА Х 84 КАПАК","42745","84","1.67",""
"00151","АФИА АЙТОС","АПТАМИЛ 1 400г ПРОНУТРА","42844","65","10.68",""
"00151","АФИА АЙТОС","Сапун КРИСПА ДОКТОРСКИ 100гр.","42927","83","1.11",""
"00151","АФИА АЙТОС","ВЛ.КЪРПИ PUFIES WW CLEAN&FRESH  с капак 64 бр","43023","84","1.94",""
"00151","АФИА АЙТОС","САПУН МИНИ СЪС ЗЕОЛИТ БИОХЕРБА","43057","83","1.40",""
"00151","АФИА АЙТОС","БЕБО ВЛ.КЪРПИЧКИ МИЦЕЛАРНА ВОДА 64бр. С КАПАК","43128","84","2.08",""
"00151","АФИА АЙТОС","КСАЛЕРГАН 5МГ/МЛ ПЕРОР. КАПКИ 20МЛ Х 1","43431","100","5.17",""
"00151","АФИА АЙТОС","ЕЛГИДИУМ ПЗ.ТАЙМЕР ПАСТА ЗА ЗЪБИ 50МЛ.","43434","81","5.88",""
"00151","АФИА АЙТОС","ОМАЛГИН тбл.500мг.х20","43468","96","1.05",""
"00151","АФИА АЙТОС","EVENT бебешки кърпи АЛОЕ 20бр","43620","84","0.64",""
"00151","АФИА АЙТОС","EVENT бебе кърпи АЛОЕ 72","43624","84","1.10",""
"00151","АФИА АЙТОС","ЛАРА САПУН 375 МЛ. МАЛИНА","43778","83","1.38",""
"00151","АФИА АЙТОС","ЛАРА САПУН 375 МЛ. ЛАЙМ","43780","83","1.38",""
"00151","АФИА АЙТОС","САПУН ПРОЛЕТ","43850","83","1.78",""
"00151","АФИА АЙТОС","ЛАКАЛУТ ПЗ. АКТИВ  ПЛЮС 75мл","43910","81","4.89",""
"00151","АФИА АЙТОС","ЕЛГИДИУМ ПЗ.ЧУВСТВИТЕЛНИ ВЕНЦИ 100МЛ.BIO","43921","81","8.90",""
"00151","АФИА АЙТОС","КЕТАЛГО 50МГ ГРАНУЛИ ЗА ПЕРОРАЛЕН Р-Р В САШЕ Х 12","43979","94","6.83",""
"00151","АФИА АЙТОС","БЕБО ВЛ.КЪРПИЧКИ С 99% ВОДА х 15БР.","44040","84","0.61",""
"00151","АФИА АЙТОС","БЕБО ULTRA SOFT 80бр. ПЛЪТНИ ВЛ. КЪРПИЧКИ х12","44053","84","1.72",""
"00151","АФИА АЙТОС","СЛЪНЧО КАША 4мес. БАНАНОВО ЯБЪЛКОВА млечна 200г.","44061","63","2.37",""
"00151","АФИА АЙТОС","МОКРИ ПОЧИСТВАЩИ КЪРПИ FAMILY СЕПТОНА 100бр с капак","44073","84","1.82",""
"00151","АФИА АЙТОС","ВЛ. КЪРПИ LARA  ЗА ВЪЗРАСТНИ 50 БР.","44255","84","1.68",""
"00151","АФИА АЙТОС","ИБУПРОМ СПРИНТ МАКС капс.400мг.х20","44304","94","8.48",""
"00151","АФИА АЙТОС","ВЛ.КЪРПИ СЕПТОНА  БЕБЕ ЛАЙКА 80бр с капак","44306","84","1.82",""
"00151","АФИА АЙТОС","ВЛ.КЪРПИ EVENT WC КОКОС 60","44409","84","1.38",""
"00151","АФИА АЙТОС","ВЛ.КЪРПИ EVENT WC ЛАЙКА 60","44410","84","1.38",""
"00151","АФИА АЙТОС","ВЛ.КЪРПИ EVENT WC ЛАЙКА КИДС 60","44411","84","1.38",""
"00151","АФИА АЙТОС","ВЛ.КЪРПИ EVENT WC ПАМУК И АЛОЕ 42","44412","84","1.38",""
"00151","АФИА АЙТОС","ЧЕРВЕНА БОРОВИНКА филтър х20 FLOSANA","44484","72","1.17",""
"00151","АФИА АЙТОС","ЧАЙ ЗА СЪРЦЕ филтър х20 Биопрограма","44545","72","1.00",""
"00151","АФИА АЙТОС","СЕНСОДИН паста за зъби COMPLETE PROTECTION + 75МЛ","44620","81","7.76",""
"00151","АФИА АЙТОС","АПТАМИЛ 1 800г ЦЕЗАРБИО","44651","65","24.49",""
"00151","АФИА АЙТОС","АПТАМИЛ 2 800г ЦЕЗАРБИО","44652","65","23.72",""
"00151","АФИА АЙТОС","КСАЛЕРГАН 5МГ ФИЛМ.ТАБЛ. Х 20","44775","100","8.01",""
"00151","АФИА АЙТОС","САПУН КРИСПА МЕД+ГЛИЦЕРИН 75Г","44914","83","0.65",""
"00151","АФИА АЙТОС","ЛАКАЛУТ ПЗ. МУЛТИ ЕФЕКТ ПЛЮС 75МЛ","44939","81","3.87","2.90"
"00151","АФИА АЙТОС","ВЛ.КЪРПИ EVENT антиб.kids х 15 (сини)","45023","84","0.46",""
"00151","АФИА АЙТОС","ВЛ.КЪРПИ EVENT антиб.kids х 15(розови)","45024","84","0.46",""
"00151","АФИА АЙТОС","ДИКЛАК МАКС 5% ГЕЛ 150Г","45076","95","14.82",""
"00151","АФИА АЙТОС","ЧАЙ БРОНХО ПАМ БУТИКОВА СЕРИЯ филтър х20","45122","72","4.10",""
"00151","АФИА АЙТОС","СЕНСОДИН паста за зъби sensivity and gum  WHITE 75ml","45138","81","7.76",""
"00151","АФИА АЙТОС","БОЧКО ВЛАЖНИ КЪРПИ ПАМУК И НЕВЕН КАПАК Х 84","45159","84","1.75",""
"00151","АФИА АЙТОС","ВЛ.КЪРПИ СЕПТОНА  БЕБЕ АЛОЕ 60бр","45177","84","1.37",""
"00151","АФИА АЙТОС","ЛАКАЛУТ ПЗ ПЪРФЕКТ УАЙТ 75МЛ","45353","81","3.87","2.90"
"00151","АФИА АЙТОС","НОВАЛАК RICE AR мляко 400г.","45477","65","15.75",""
"00151","АФИА АЙТОС","САПУН ЖЕН-ШЕН 60г.","45586","83","0.69",""
"00151","АФИА АЙТОС","ИБУЛЕК 200МГ САШЕТА Х 10","45604","94","4.39",""
"00151","АФИА АЙТОС","ВЛ. КЪРПИ LARA x 80 бр. лайка","45709","84","1.17",""
"00151","АФИА АЙТОС","АКВАФРЕШ паста за зъби All in One Crystal  Whit 100ml","45747","81","2.85",""
"00151","АФИА АЙТОС","ВЛ. КЪРПИ PAMPERS fresh clean  х 52","45874","84","1.53",""
"00151","АФИА АЙТОС","АРОМА САПУН ТЕЧЕН WHITE BLOSSOM за чувст.кожа 400мл.+100мл.П","45917","83","1.69",""
"00151","АФИА АЙТОС","ЧЗ ТРИЗА FOCUS SOFT","45930","80","0.90",""
"00151","АФИА АЙТОС","ЧЗ ТРИЗА SMILE SOFT /SWISS CLEAN/","45931","80","0.86",""
"00151","АФИА АЙТОС","ЧАЙ ФИЛТЪР AHMAD СПЕЦ.СЕЛ. БЕЗКОФЕИН x 20","45977","72","3.31",""
"00151","АФИА АЙТОС","ИБУТОП КРЕМ 100 гр","46049","94","9.14",""
"00151","АФИА АЙТОС","РЕСПИФОРТИН 600 MG ACETYLCYSTEINE, ЕФ. ТАБЛ. Х 10","46051","99","7.65",""
"00151","АФИА АЙТОС","СЕНСОДИН паста за зъби антикариес 75ml","46150","81","5.50","3.85"
"00151","АФИА АЙТОС","ВЛ.КЪРПИ EVENT антибакт. невен x30","46202","84","0.70",""
"00151","АФИА АЙТОС","ПАРАБОЛ МАКС 400МГ КАПС. Х 10","46205","94","4.48",""
"00151","АФИА АЙТОС","EVENT бебешки кърпи ВОДА  20бр","46233","84","0.64",""
"00151","АФИА АЙТОС","EVENT бебешки кърпи ВОДА 60бр","46234","84","1.66",""
"00151","АФИА АЙТОС","EVENT бебешки кърпи SOFT 3в1  20бр","46235","84","0.61",""
"00151","АФИА АЙТОС","EVENT бебешки кърпи SOFT 3в1  84бр","46236","84","1.66",""
"00151","АФИА АЙТОС","НОВАЛАК ALLERNOVA AR 400Г","46248","65","16.18",""
"00151","АФИА АЙТОС","ТРАКТУС 600МГ ПРАХ ЗА ПЕРОРАЛЕН Р-Р В САШЕ Х 10","46321","99","6.47",""
"00151","АФИА АЙТОС","СЕНСОДИН паста за зъби PRONAMEL JUNIOR 50ML.","46356","81","4.54",""
"00151","АФИА АЙТОС","АНАЛГИН ТАБЛ.500МГ Х 30","46420","96","2.29",""
"00151","АФИА АЙТОС","ИБУПРОМ ФОРТЕ 400МГ ФИЛМ.ТАБЛ. Х 12","46531","94","3.53",""
"00151","АФИА АЙТОС","БЕБО ВЛ. КЪРПИЧКИ ЛАЙКА  15бр","46594","84","0.46",""
"00151","АФИА АЙТОС","ТЕО БЕБЕ МОКРИ КЪРПИЧКИ ЛАВАНДУЛА 72 бр","46841","84","1.56",""
"00151","АФИА АЙТОС","ВЛ.КЪРПИ PALOMITA БЕБЕ 72+28 С КАПАК","46845","84","1.52",""
"00151","АФИА АЙТОС","ВЛ. КЪРПИ BABY BEBELAN 99.6% вода х 64","46924","84","1.89",""
"00151","АФИА АЙТОС","ДИКЛАК 12 ЧАСА 23,2 мг/г гел 50гр","46946","95","8.58",""
"00151","АФИА АЙТОС","ДИКЛАК 12 ЧАСА 2.32% мг/г 100гр","47003","95","11.74",""
"00151","АФИА АЙТОС","ЧАЙ ЧЕРЕН ФИЛТЪР Х20 БИОПРОГРАМА","37135","72","0.80",""
"00151","АФИА АЙТОС","ВЛ.КЪРПИ EVENT антибакт. невен x140","47097","84","2.05",""
"00151","АФИА АЙТОС","БУСКОЛИЗИН обв. тб. 10мг х 30","47308","87","3.99","3.39"
"00151","АФИА АЙТОС","ЕЛГИДИУМ ПЗ.DECAY PROTECTION  АНТИКАРИЕС 75ml","47347","81","7.21",""
"00151","АФИА АЙТОС","ОЛИНТ DUO наз.спрей 1мг/мл.+50мг/мл.10мл.","47405","97","6.12",""
"00151","АФИА АЙТОС","ВЛ.КЪРПИ EVENT антибакт. лайка x72","47433","84","1.10",""
"00151","АФИА АЙТОС","АГИВА Гъба за баня сапун на перли Лайм FRUIT SALAD","47434","83","2.50",""
"00151","АФИА АЙТОС","ОРОФАР ИНТЕНС 8,75МГ/ДОЗА СПРЕЙ 15МЛ","47436","98","7.65",""
"00151","АФИА АЙТОС","ВЛ.КЪРПИ EVENT бебешки лайка x72","47437","84","1.10",""
"00151","АФИА АЙТОС","ПЗ.БИЛКА МЕД 75 МЛ.","47443","81","2.36",""
"00151","АФИА АЙТОС","САПУН EvBABY VIT.F 90г","47483","83","0.61",""
"00151","АФИА АЙТОС","ДУЛКОЛАКС 10МГ СУПОЗИТОРИИ Х6","47553","88","5.86",""
"00151","АФИА АЙТОС","БЕБО ВЛ.КЪРПИЧКИ НОВОРОДЕНО  64бр. С КАПАК","47635","84","1.82",""
"00151","АФИА АЙТОС","СЕНСОДИН паста за зъби CLINICAL REPAIR 75ML","47644","81","7.76",""
"00151","АФИА АЙТОС","ДЕВА DNB ШАМПОАН ХИНИН + АРГАН 500МЛ.","47849","82","2.19",""
"00151","АФИА АЙТОС","АРОМА ШАМПОАН НАТУРАЛ АЛОЕ МЛЯКО 400мл.","47852","82","2.03",""
"00151","АФИА АЙТОС","СЕНСОДИН паста за зъби PRONAMEL KIDS 2-6 50ML.","47904","81","4.54",""
"00151","АФИА АЙТОС","ЧАЙ СЕНА АФИА  филтър","48050","72","1.99",""
"00151","АФИА АЙТОС","ЧАЙ ЛАЙКА АФИА  филтър","48051","72","1.99",""
"00151","АФИА АЙТОС","ЧАЙ ДЕТОКС И ИМУНИТЕТ АФИА  филтър","48052","72","1.99",""
"00151","АФИА АЙТОС","ЧАЙ СЛАБИТЕЛЕН АФИА  филтър","48053","72","1.99",""
"00151","АФИА АЙТОС","ВОЛТАРЕН 140МГ ЛЕЧЕБЕН ПЛАСТИР Х 5","48138","95","17.36","13.89"
"00151","АФИА АЙТОС","ВЛ. КЪРПИ LARA АКВА 99,5% БИОРАЗГР. x 72 БР.","48158","84","1.69",""
"00151","АФИА АЙТОС","ХИП 4 КОМБ.МЛ.МАЛКИ ДЕЦА 500 ГР.","48182","65","12.08",""
"00151","АФИА АЙТОС","АВЕН CLEANANCE ПОЧИСТВАЩ САПУН 100ГР. AV","48307","83","7.63","5.57"
"00151","АФИА АЙТОС","СТРЕПСИЛС ИНТЕНЗИВ МЕД И ЕВКАЛИПТ ТАБЛ. Х 16","48369","98","5.73",""
"00151","АФИА АЙТОС","КЕТАЛГО 25мг 10 табл.","48378","94","5.14",""
"00151","АФИА АЙТОС","АКВАФРЕШ паста за зъби PLUS VISIBLE WHITE 75МЛ.","48413","81","2.81","2.11"
"00151","АФИА АЙТОС","АКВАФРЕШ паста за зъби PLUS FRESH FEEL 75МЛ.","48414","81","2.81","2.11"
"00151","АФИА АЙТОС","СЕНСОДИН паста за зъбиЗ REPAIR & PROTECT WHITENING 75ML","48480","81","7.76",""
"00151","АФИА АЙТОС","СЕНСОДИН паста за зъби CLINICAL REPAIR WHITE 75ML","48481","81","7.76",""
"00151","АФИА АЙТОС","СЕНСОДИН паста за зъби COMPLETE PROTECTION WHITE 75ML","48482","81","7.76",""
"00151","АФИА АЙТОС","ВЛ. КЪРПИ BABY BEBELAN ЛАЙКА+АЛОЕ с капак х 64","48486","84","1.53",""
"00151","АФИА АЙТОС","ВЛ. КЪРПИ BABY BEBELAN СМРАДЛИКА+ЛАЙКА с капак х 64","48487","84","1.53",""
"00151","АФИА АЙТОС","АКВАФРЕШ паста за зъби mild &minti 125 ml.","48514","81","2.69",""
"00151","АФИА АЙТОС","БИЛКА НЕВЕН ШАМПОАН ЗА КОСА 400МЛ.","48554","82","3.33",""
"00151","АФИА АЙТОС","МУСТЕЛА МОКРИ КЪРПИЧКИ С ВОДА БЕЗ ПАРФЮМ Х 60","48570","84","5.92",""
"00151","АФИА АЙТОС","ЕЛГИДИУМ ЧЗ 4в1 S","48692","80","10.46",""
"00151","АФИА АЙТОС","ЛАКСАКОДИЛ 5МГ СУ ТАБЛ. Х 30","48727","88","2.21",""
"00151","АФИА АЙТОС","НОВАЛАК 1 адапт.мляк кърмач. 800г./0-6мес./","48740","65","19.44",""
"00151","АФИА АЙТОС","ОКЛИС ЕКСПРЕС 400 мг x 10 сашети","48782","94","5.71",""
"00151","АФИА АЙТОС","ЕНТЕРОЛ ФОРТЕ саше 500мг х 10","49046","89","9.82",""
"00151","АФИА АЙТОС","ОКЛИС ЕКСПРЕС 400 мг x 20 сашети","49081","94","9.53",""
"00151","АФИА АЙТОС","НУРОФЕН ЕКСПРЕС ФОРТЕ КОМПАКТ 400МГ КАПС. Х 10","49172","94","6.12",""
"00151","АФИА АЙТОС","НУРОФЕН ЕКСПРЕС ФОРТЕ КОМПАКТ 400МГ КАПС. Х 20","49173","94","10.67",""
"00151","АФИА АЙТОС","АКВАФРЕШ паста за зъби DEEP CLEAN WHITE RENEW 75ML","49246","81","3.52","2.64"
"00151","АФИА АЙТОС","GERBER КАША МАНГО БАНАН 240ГР.","49265","63","3.79",""
"00151","АФИА АЙТОС","GERBER КАША ЙОГ.БАН.КРУША 240ГР","49266","63","3.79",""
"00151","АФИА АЙТОС","GERBER 2929 ПЮРЕ СУПА КАРФИОЛ И ЗАЕК 190","49272","64","1.74",""
"00151","АФИА АЙТОС","GERBER 7214 ПЮРЕ ЗЕЛЕНЧ. С ТЕЛЕШКО И МАКАРОНИ 190ГР","49273","64","1.74",""
"00151","АФИА АЙТОС","GERBER 7889 ПЮРЕ РИЗОТО ПУЙКА ЗЕЛ. 250ГР","49274","64","2.20",""
"00151","АФИА АЙТОС","АДАПТ. МЛЯКО NAN 1 OPTIPRO 400ГР","49280","65","12.59",""
"00151","АФИА АЙТОС","АДАПТ. МЛЯКО NAN 2 OPTIPRO 400ГР","49281","65","12.57",""
"00151","АФИА АЙТОС","АДАПТ. МЛЯКО NAN 3 OPTIPRO 400ГР","49282","65","10.38",""
"00151","АФИА АЙТОС","АДАПТ. МЛЯКО NAN COMFORT 400ГР","49283","65","15.08",""
"00151","АФИА АЙТОС","ПАРАБОЛ МАКС 400МГ КАПС. Х 20","49296","94","8.63",""
"00151","АФИА АЙТОС","НОВАЛАК 2 адапт.мляк кърмач. 800г./6-12мес./","49320","65","18.78",""
"00151","АФИА АЙТОС","ОТОФИКС 40МГ/Г + 10МГ/Г КАПКИ ЗА УШИ 15МЛ Х 1","49354","101","3.88",""
"00151","АФИА АЙТОС","СЕНСОДИН паста за зъби CAVITY  75ml","49375","81","5.10",""
"00151","АФИА АЙТОС","ХИП 1 ORGANIC АДАПТ. МЛЯКО 600ГР.","49423","65","13.63",""
"00151","АФИА АЙТОС","ХИП 2 ORGANIC АДАПТ. МЛЯКО 600ГР.","49424","65","13.63",""
"00151","АФИА АЙТОС","СЕНСОДИН паста за зъби CAVITY + SENSITIVITY 75ml","49449","81","5.10",""
"00151","АФИА АЙТОС","ЕФИЗОЛ ИНТЕНЗ 8,75МГ ТАБЛ. ЗА СМУЧЕНЕ Х 24","49588","98","6.39","5.56"
"00151","АФИА АЙТОС","НОВАЛАК AR ДАЙДЖЕСТ+ АДАПТИР.МЛЯКО 400гр","49605","65","14.85",""
"00151","АФИА АЙТОС","ЧАЙ С ЛАЙКА И АНАСОН БИО 20 ФИЛ.ПАК./MANZANILLA","49697","72","3.13",""
"00151","АФИА АЙТОС","КУРАПРОКС ПЗ Enzycal 950;  10 ml","49711","81","2.39",""
"00151","АФИА АЙТОС","МОБИЛАТ ЕМУЛГЕЛ 2,32% ГЕЛ 180Г Х 1","49715","95","19.10",""
"00151","АФИА АЙТОС","АРОМА ШАМПОАН НАТУРАЛ ЯЙЧЕН 400мл.","49799","82","1.86",""
